-----------------------------------------------------------------
PopCluster, Version 1.4.0.0, Build 20240115, Expire Date 20270115
              Copyright (C) 2017-2024 Jinliang Wang
        Institute of Zoology, Zoological Society of London
                  Email: jinliang.wang@ioz.ac.uk
-----------------------------------------------------------------


------------------------------
Running parameters and options
------------------------------

Command line arguments:
  C:\ZSL\PopCluster1\PopClusterWin INP:C:\ZSL\PopCluster1\Results\Lcorallioides_ramets\Lcorallioides_ramets.PcPjt MPI:1 OMP:2

Run parameters:
  Number of individuals = 66
  Mean number alleles/locus = 2.00
  Minimum number alleles/locus = 2
  Maximum number alleles/locus = 2
  Number monomorphic loci = 0
  Number polymorphic loci = 10215
  Number all loci = 10215
  Number of assumed populations (K:1-7) = 7
  Random number seed = 123
  Replicate run (out of 10) = 3
  Number of MPI parallel processes used = 2
  Number of openMP threads per MPI process = 2
  Missing value = -9
  LocusAdmixQ = 0
  Parameter file = C:\ZSL\PopCluster1\Results\Lcorallioides_ramets\Lcorallioides_ramets.PcPjt
  Genotype file = C:\ZSL\PopCluster1\Results\Lcorallioides_ramets\Lcorallioides_ramets.dat
  PopDataQ = 0
  PopFlagQ = 0
  OutAlleleFre = 0
  Model = 2
  Scaling = 2
  AllSNP = 1
  UseKMeans = 0
  LocusFst = 0
  DataForm = 0
  Search method = AssignProb
  Allele frequency prior = Equal
    (Frequency prior reset from 2 to 1 due to Scaling > 0)


---------------------------------------
Summary of analyses of Run = 3 at K = 7
---------------------------------------
Run      WeekDay   Date(D/M/Y) Time(S/M/H)
Started  Tuesday   09/09/2025  54/08/10
Finished Tuesday   09/09/2025  54/27/10

Clustering analysis:
  LogL, NumIter = -1.6117851214E+05, 433231
  TimeTaken(WallClock second) = 42

Admixture analysis:
  Tol, NumIter = 2.1954660234E-07, 61
  TimeTaken(WallClock second) = 3


----------------------------
Distribution of missing data
----------------------------
  #MissGtype       #Loci
           0       10215

A genotype with both alleles missing is counted
  as a missing genotype (MissGtype)
A monomorphic locus is counted as having 66 MissGtype


---------------------------
Clustering analysis results
---------------------------
Estimated cluster of individuals 1~66
        Label  #Hom  #Het #Mis       F ML_C
   Swa_Swa_02  6951  3264    0 -0.0086    5
 Mil2_Mil2_08  6290  3925    0 -0.1754    3
 Mil1_Mil1_07  6570  3645    0 -0.0876    3
 Mil2_Mil2_01  6310  3905    0 -0.1797    6
   Tud_Tud_02  6565  3650    0 -0.0856    5
   Wey_Wey_09  6628  3587    0 -0.0723    5
 Mil1_Mil1_13  6430  3785    0 -0.1531    3
   Hel_Hel_26  6744  3471    0 -0.0836    6
  Aus_AusI_02  6549  3666    0 -0.1081    1
 Mil2_Mil2_02  6264  3951    0 -0.1966    3
   Hel_Hel_38  5526  4689    0 -0.3036    6
   Hel_Hel_21  5589  4626    0 -0.3050    6
 Aus_AusII_01  6735  3480    0 -0.0837    1
 Mil1_Mil1_01  6181  4034    0 -0.1999    4
   Hel_Hel_39  6316  3899    0 -0.1905    2
 Mil1_Mil1_02  6554  3661    0 -0.1033    3
   Hel_Hel_07  6526  3689    0 -0.1209    6
 Mil2_Mil2_06  6217  3998    0 -0.1901    3
   Hel_Hel_33  6531  3684    0 -0.1189    6
   Hel_Hel_28  6423  3792    0 -0.1717    2
   Hel_Hel_60  6329  3886    0 -0.1865    2
 Aus_AusII_02  6346  3869    0 -0.1493    1
  Aus_AusI_03  6614  3601    0 -0.0914    1
 Maw_Maw22_11  6555  3660    0 -0.1154    7
   Hel_Hel_18  6380  3835    0 -0.1773    2
   Hel_Hel_15  6105  4110    0 -0.2259    2
 Mil1_Mil1_06  6473  3742    0 -0.1315    3
   Aus_Gri_03  7134  3081    0  0.0067    1
   Aus_Gri_10  7122  3093    0  0.0116    1
   Aus_Gri_04  6614  3601    0 -0.1109    1
 Aus_AusII_07  6860  3355    0 -0.0554    1
 Aus_AusII_05  6916  3299    0 -0.0423    1
   Aus_Gri_08  6913  3302    0 -0.0588    1
 Mil1_Mil1_05  6220  3995    0 -0.1930    4
 Mil1_Mil1_19  6282  3933    0 -0.1827    3
 Maw_Maw22_10  6512  3703    0 -0.1228    7
 Mil2_Mil2_11  6629  3586    0 -0.1122    3
 Maw_Maw22_05  6585  3630    0 -0.0936    6
 Mil2_Mil2_12  6277  3938    0 -0.1787    3
   Hel_Hel_43  6556  3659    0 -0.1132    6
 Mil2_Mil2_04  6494  3721    0 -0.1253    3
 Maw_Maw15_14  5850  4365    0 -0.2610    6
  Aus_AusI_01  6721  3494    0 -0.0758    1
 Aus_AusII_04  6643  3572    0 -0.0851    1
 Mil1_Mil1_11  6696  3519    0 -0.0817    3
 Mil1_Mil1_15  6387  3828    0 -0.1464    3
   Hel_Hel_57  5473  4742    0 -0.3377    2
 Mil1_Mil1_10  6220  3995    0 -0.1860    3
 Mil1_Mil1_17  6182  4033    0 -0.1983    4
   Wey_Wey_10  7016  3199    0  0.0136    5
   Wey_Wey_06  6883  3332    0 -0.0211    5
 Mil2_Mil2_05  6463  3752    0 -0.1386    3
  Aus_AusI_04  6795  3420    0 -0.0709    1
 Mil2_Mil2_09  6397  3818    0 -0.1515    3
 Aus_AusII_08  6829  3386    0 -0.0437    1
 Mil1_Mil1_04  6239  3976    0 -0.1997    3
   Hel_Hel_32  6418  3797    0 -0.1663    2
 Mil2_Mil2_03  6268  3947    0 -0.1839    4
   Swa_Swa_04  7065  3150    0  0.0590    5
   Swa_Swa_08  7265  2950    0  0.0984    5
 Mil1_Mil1_14  6261  3954    0 -0.1505    6
   Tud_Tud_04  6977  3238    0  0.0703    5
 Mil2_Mil2_07  6384  3831    0 -0.1554    3
   Wey_Wey_07  6721  3494    0 -0.0515    5
 Maw_Maw15_P2  6488  3727    0 -0.1453    6
 Mil2_Mil2_10  5167  5048    0 -0.3794    3

Column note
  1-Individual Label (Label)
  2-Number Homozygotes (#Hom)
  3-Number Heterozygotes (#Het)
  4-Number (partial) Missing Genotypes (#Mis)
  5-Individual Inbreeding (F)
  6-ML ClusterID (ML_C)

%individuals with F < -1/(#individuals) = 0.8788


----------------------------------------
Inferred clusters: F-Statistics analysis
----------------------------------------
Cluster #Members     Fst     Fis     Fit
      1       14  0.0630 -0.1556 -0.0828
      2        7  0.2799 -0.7501 -0.2603
      3       19  0.0386 -0.2676 -0.2187
      4        4  0.3356 -0.8937 -0.2582
      5        9  0.0405 -0.0872 -0.0432
      6       11 -0.0087 -0.2297 -0.2403
      7        2  0.3609 -0.8109 -0.1574


--------------------------------
Inferred Fst between populations
--------------------------------
    Pop#    Pop1    Pop2    Pop3    Pop4    Pop5    Pop6    Pop7
    Pop1  0.0936
    Pop2  0.1355  0.2026
    Pop3  0.0752  0.1537  0.0828
    Pop4  0.1471  0.2291  0.1286  0.1652
    Pop5  0.0538  0.1372  0.0662  0.1436  0.0602
    Pop6  0.0576  0.1338  0.0788  0.1461  0.0723  0.0647
    Pop7  0.1067  0.1902  0.1193  0.1943  0.1096  0.1480  0.0959

NOTE: Fst(i,i) is Fst for pop i from all populations (including i)
      Fst(i,j) (i<j) is Fst between populations i and j


------------------
Admixture analysis
------------------
Inferred ancestry of individuals 1~66 (%Miss includes monomorphic loci)
Index Order        Label %Miss Cluster : Inferred ancestry in clusters 1~7
    1    49   Swa_Swa_02   0.0       5 : 0.000 0.021 0.000 0.003 0.950 0.016 0.010
    2    31 Mil2_Mil2_08   0.0       3 : 0.035 0.000 0.961 0.001 0.000 0.003 0.000
    3    37 Mil1_Mil1_07   0.0       3 : 0.011 0.000 0.758 0.178 0.000 0.041 0.012
    4    62 Mil2_Mil2_01   0.0       6 : 0.138 0.118 0.160 0.152 0.132 0.161 0.139
    5    53   Tud_Tud_02   0.0       5 : 0.000 0.003 0.148 0.001 0.845 0.000 0.003
    6    51   Wey_Wey_09   0.0       5 : 0.087 0.000 0.000 0.000 0.898 0.006 0.009
    7    25 Mil1_Mil1_13   0.0       3 : 0.000 0.000 1.000 0.000 0.000 0.000 0.000
    8    60   Hel_Hel_26   0.0       6 : 0.115 0.074 0.002 0.052 0.157 0.300 0.300
    9     1  Aus_AusI_02   0.0       1 : 0.999 0.000 0.001 0.000 0.000 0.000 0.000
   10    24 Mil2_Mil2_02   0.0       3 : 0.000 0.000 1.000 0.000 0.000 0.000 0.000
   11    59   Hel_Hel_38   0.0       6 : 0.109 0.027 0.037 0.037 0.080 0.356 0.354
   12    54   Hel_Hel_21   0.0       6 : 0.000 0.000 0.000 0.000 0.000 1.000 0.000
   13     3 Aus_AusII_01   0.0       1 : 0.986 0.000 0.000 0.000 0.000 0.000 0.014
   14    41 Mil1_Mil1_01   0.0       4 : 0.000 0.000 0.000 1.000 0.000 0.000 0.000
   15    18   Hel_Hel_39   0.0       2 : 0.000 1.000 0.000 0.000 0.000 0.000 0.000
   16    34 Mil1_Mil1_02   0.0       3 : 0.000 0.000 0.936 0.014 0.006 0.044 0.000
   17    56   Hel_Hel_07   0.0       6 : 0.000 0.029 0.000 0.000 0.000 0.971 0.000
   18    30 Mil2_Mil2_06   0.0       3 : 0.000 0.000 0.976 0.000 0.000 0.022 0.002
   19    57   Hel_Hel_33   0.0       6 : 0.091 0.004 0.004 0.009 0.055 0.419 0.418
   20    17   Hel_Hel_28   0.0       2 : 0.000 1.000 0.000 0.000 0.000 0.000 0.000
   21    15   Hel_Hel_60   0.0       2 : 0.000 1.000 0.000 0.000 0.000 0.000 0.000
   22     9 Aus_AusII_02   0.0       1 : 0.941 0.000 0.042 0.016 0.000 0.000 0.001
   23    14  Aus_AusI_03   0.0       1 : 0.715 0.023 0.146 0.014 0.000 0.042 0.060
   24    66 Maw_Maw22_11   0.0       7 : 0.000 0.000 0.000 0.000 0.000 0.000 1.000
   25    19   Hel_Hel_18   0.0       2 : 0.000 1.000 0.000 0.000 0.000 0.000 0.000
   26    20   Hel_Hel_15   0.0       2 : 0.000 0.980 0.000 0.000 0.000 0.000 0.020
   27    33 Mil1_Mil1_06   0.0       3 : 0.000 0.000 0.942 0.010 0.048 0.000 0.000
   28     2   Aus_Gri_03   0.0       1 : 0.992 0.001 0.000 0.000 0.000 0.007 0.000
   29    10   Aus_Gri_10   0.0       1 : 0.940 0.012 0.000 0.000 0.023 0.016 0.009
   30     7   Aus_Gri_04   0.0       1 : 0.964 0.000 0.003 0.001 0.000 0.032 0.000
   31    11 Aus_AusII_07   0.0       1 : 0.912 0.003 0.000 0.039 0.019 0.000 0.027
   32     6 Aus_AusII_05   0.0       1 : 0.966 0.012 0.000 0.000 0.021 0.000 0.001
   33     8   Aus_Gri_08   0.0       1 : 0.964 0.022 0.000 0.000 0.000 0.014 0.000
   34    44 Mil1_Mil1_05   0.0       4 : 0.000 0.000 0.000 1.000 0.000 0.000 0.000
   35    36 Mil1_Mil1_19   0.0       3 : 0.089 0.000 0.761 0.044 0.104 0.002 0.000
   36    65 Maw_Maw22_10   0.0       7 : 0.000 0.000 0.000 0.000 0.000 0.000 1.000
   37    27 Mil2_Mil2_11   0.0       3 : 0.000 0.000 1.000 0.000 0.000 0.000 0.000
   38    58 Maw_Maw22_05   0.0       6 : 0.143 0.000 0.005 0.002 0.104 0.387 0.359
   39    39 Mil2_Mil2_12   0.0       3 : 0.118 0.004 0.688 0.060 0.104 0.000 0.026
   40    55   Hel_Hel_43   0.0       6 : 0.000 0.000 0.000 0.000 0.000 1.000 0.000
   41    40 Mil2_Mil2_04   0.0       3 : 0.131 0.000 0.545 0.000 0.322 0.000 0.002
   42    61 Maw_Maw15_14   0.0       6 : 0.238 0.005 0.191 0.002 0.274 0.275 0.015
   43     5  Aus_AusI_01   0.0       1 : 0.970 0.008 0.002 0.000 0.000 0.020 0.000
   44    13 Aus_AusII_04   0.0       1 : 0.904 0.000 0.074 0.000 0.002 0.020 0.000
   45    32 Mil1_Mil1_11   0.0       3 : 0.000 0.000 0.955 0.045 0.000 0.000 0.000
   46    26 Mil1_Mil1_15   0.0       3 : 0.000 0.000 1.000 0.000 0.000 0.000 0.000
   47    21   Hel_Hel_57   0.0       2 : 0.025 0.870 0.052 0.000 0.015 0.037 0.001
   48    35 Mil1_Mil1_10   0.0       3 : 0.000 0.007 0.863 0.057 0.045 0.027 0.001
   49    43 Mil1_Mil1_17   0.0       4 : 0.000 0.000 0.000 1.000 0.000 0.000 0.000
   50    48   Wey_Wey_10   0.0       5 : 0.001 0.000 0.000 0.009 0.951 0.021 0.018
   51    50   Wey_Wey_06   0.0       5 : 0.001 0.013 0.001 0.000 0.946 0.039 0.000
   52    23 Mil2_Mil2_05   0.0       3 : 0.000 0.000 1.000 0.000 0.000 0.000 0.000
   53    12  Aus_AusI_04   0.0       1 : 0.907 0.000 0.000 0.019 0.011 0.054 0.009
   54    29 Mil2_Mil2_09   0.0       3 : 0.000 0.000 0.998 0.001 0.000 0.001 0.000
   55     4 Aus_AusII_08   0.0       1 : 0.983 0.000 0.004 0.001 0.000 0.000 0.012
   56    22 Mil1_Mil1_04   0.0       3 : 0.000 0.000 1.000 0.000 0.000 0.000 0.000
   57    16   Hel_Hel_32   0.0       2 : 0.000 1.000 0.000 0.000 0.000 0.000 0.000
   58    42 Mil2_Mil2_03   0.0       4 : 0.000 0.000 0.000 1.000 0.000 0.000 0.000
   59    46   Swa_Swa_04   0.0       5 : 0.000 0.000 0.000 0.001 0.998 0.001 0.000
   60    45   Swa_Swa_08   0.0       5 : 0.001 0.000 0.000 0.000 0.999 0.000 0.000
   61    64 Mil1_Mil1_14   0.0       6 : 0.144 0.107 0.156 0.151 0.145 0.156 0.141
   62    47   Tud_Tud_04   0.0       5 : 0.000 0.008 0.002 0.000 0.990 0.000 0.000
   63    38 Mil2_Mil2_07   0.0       3 : 0.107 0.014 0.702 0.081 0.000 0.020 0.076
   64    52   Wey_Wey_07   0.0       5 : 0.126 0.001 0.000 0.000 0.867 0.005 0.001
   65    63 Maw_Maw15_P2   0.0       6 : 0.156 0.127 0.135 0.118 0.157 0.158 0.149
   66    28 Mil2_Mil2_10   0.0       3 : 0.000 0.000 0.999 0.000 0.000 0.001 0.000


----------------------------------------------------------
Pairwise co-assignment probability from admixture analysis
----------------------------------------------------------
Inferred co-assignment probability between an individual in a row (i) and an individual in a column (j)
  Individuals in both row i and column j are ordered as in the genotype data. Values are c(i,j)*100
Swa_Swa_02 90 2*0 13 80 85 0 16 2*0 9 2 2*0 2 1 2 0 6 2*2 2*0 1 2*2 5 0 2 0 2*2 2*0 10 1 0 11 10 2 31 27 4*0 3 4 0 2*90 0 1 3*0 2 0 2*95 14 94 0 82 16 0
Mil2_Mil2_08 0 93 73 16 14 0 96 1 4 96 4 0 3 2*0 90 0 94 1 2*0 7 16 3*0 91 2*3 4 3*3 0 73 0 96 1 67 0 53 19 4 10 92 96 5 83 3*0 96 3 96 4 96 4*0 16 0 68 0 14 96
Mil1_Mil1_07 0 73 61 16 11 0 76 3 1 76 5 4 1 18 0 71 4 74 3 2*0 5 12 1 2*0 72 3*1 2 2*1 18 59 1 76 3 53 4 41 16 1 7 73 76 4 67 18 2*0 76 2 76 1 76 0 18 2*0 15 0 55 0 13 76
Mil2_Mil2_01 13 2*16 2*14 13 16 2*14 16 15 16 14 15 12 3*16 15 2*12 3*14 2*12 16 6*14 15 16 14 16 2*15 16 2*15 2*14 2*16 12 16 15 2*13 16 14 16 14 16 12 15 2*13 14 13 15 13 14 16
Tud_Tud_02 80 14 11 14 74 76 15 13 0 15 7 4*0 14 0 14 5 2*0 1 2 3*0 18 0 2 0 2*2 2*0 20 0 15 9 19 0 35 26 0 1 14 15 2 17 0 2*80 15 1 15 0 15 2*0 2*84 15 84 10 73 2*15
Wey_Wey_09 85 2*0 13 76 81 0 16 9 0 9 1 9 2*0 2*1 0 6 2*0 8 6 1 2*0 4 9 10 8 2*10 8 0 10 1 0 11 10 1 30 27 2*8 2*0 2 4 0 2*85 0 9 0 9 3*0 2*90 15 89 1 79 16 0
Mil1_Mil1_13 0 96 76 16 15 0 100 2*0 100 4 4*0 94 0 98 3*0 4 15 3*0 94 7*0 76 0 100 1 69 0 54 19 0 7 96 100 5 86 3*0 100 0 100 0 100 4*0 16 0 70 0 13 100
Hel_Hel_26 16 1 3 14 13 16 0 23 12 0 24 30 12 5 7 2 29 1 27 2*7 11 12 30 7 8 1 6*12 5 3 30 0 26 4 30 7 16 12 11 2*0 8 2 5 2*16 0 13 0 12 0 7 5 2*16 14 16 5 2*15 0
Aus_AusI_02 0 3 1 14 0 9 0 12 100 0 11 0 98 5*0 9 2*0 94 71 4*0 99 94 96 91 2*96 0 9 2*0 14 12 0 13 24 97 90 2*0 3 5*0 91 0 98 5*0 14 0 11 13 16 0
Mil2_Mil2_02 0 96 76 16 15 0 100 2*0 100 4 4*0 94 0 98 3*0 4 15 3*0 94 7*0 76 0 100 1 69 0 54 19 0 7 96 100 5 86 3*0 100 0 100 0 100 4*0 16 0 70 0 13 100
Hel_Hel_38 9 4 5 15 7 9 4 24 11 4 27 36 11 4 3 5 35 4 31 2*3 11 12 35 2*3 4 2*11 12 3*11 4 5 35 4 29 6 36 6 16 2*11 3*4 5 4 2*9 4 12 4 11 4 3 4 2*8 15 8 7 9 15 4
Hel_Hel_21 2 0 4 16 0 1 0 30 2*0 36 100 3*0 4 97 2 42 3*0 4 4*0 1 2 3 2*0 1 4*0 39 0 100 0 27 2*2 2*0 4 3 0 2 4 0 5 7*0 16 0 2 0 16 0
Aus_AusII_01 0 3 1 14 0 9 0 12 98 0 11 0 97 5*0 10 2*0 93 71 1 3*0 98 93 95 90 2*95 0 9 1 0 15 12 0 13 23 96 89 2*0 3 5*0 89 0 97 5*0 14 0 11 12 16 0
Mil1_Mil1_01 2*0 18 15 3*0 5 2*0 4 2*0 100 0 1 2*0 1 2*0 2 1 3*0 1 3*0 4 2*0 100 4 3*0 6 5*0 5 2*0 6 100 1 2*0 2 4*0 100 2*0 15 0 8 0 12 0
Hel_Hel_39 2 2*0 12 3*0 7 2*0 3 3*0 100 0 3 2*0 2*100 0 2 0 100 98 2*0 1 2*0 1 2 8*0 2*1 3*0 87 1 2*0 1 5*0 100 3*0 11 2*1 0 13 0
Mil1_Mil1_02 1 90 71 16 14 1 94 2 0 94 5 4 0 1 0 88 4 92 2 2*0 4 14 3*0 88 6*0 1 71 0 94 2 65 4 51 19 0 7 90 94 5 81 3*1 94 0 94 0 94 0 3*1 16 1 66 1 14 94
Hel_Hel_07 2 0 4 16 0 1 0 29 2*0 35 97 2*0 3 4 94 2 41 2*3 0 4 0 2*3 0 1 2 3 2*0 1 4*0 38 0 97 0 27 2*2 2*0 6 3 0 2 4 0 5 3*0 3 3*0 15 0 2 0 16 0
Mil2_Mil2_06 0 94 74 16 14 0 98 1 0 98 4 2 3*0 92 2 95 1 2*0 4 14 3*0 92 7*0 74 0 98 1 67 2 53 19 0 7 93 98 5 84 3*0 98 0 97 0 98 4*0 16 0 69 0 14 98
Hel_Hel_33 6 1 3 15 5 6 0 27 9 0 31 42 10 1 0 2 41 1 36 2*0 9 11 42 0 2*1 9 3*10 2*9 1 2 42 0 33 3 42 3 16 10 9 2*0 2*2 1 2*7 0 11 0 9 2*0 1 2*5 15 2*5 6 15 0
Hel_Hel_28 2 2*0 12 3*0 7 2*0 3 3*0 100 0 3 2*0 2*100 0 2 0 100 98 2*0 1 2*0 1 2 8*0 2*1 3*0 87 1 2*0 1 5*0 100 3*0 11 2*1 0 13 0
Hel_Hel_60 2 2*0 12 3*0 7 2*0 3 3*0 100 0 3 2*0 2*100 0 2 0 100 98 2*0 1 2*0 1 2 8*0 2*1 3*0 87 1 2*0 1 5*0 100 3*0 11 2*1 0 13 0
Aus_AusII_02 0 7 5 14 1 8 4 11 94 4 11 0 93 2 0 4 0 4 9 2*0 89 68 3*0 4 93 89 91 86 2*91 2 12 0 4 13 14 0 15 23 91 85 2*4 3 4 2 2*0 4 85 4 93 4 0 2 2*0 15 0 13 12 15 4
Aus_AusI_03 0 16 12 14 2 6 15 12 71 15 12 4 71 1 2 14 4 14 11 2*2 68 54 6 2*2 14 71 67 69 65 2*69 1 18 6 15 14 19 4 17 21 70 66 14 15 5 13 1 2*0 15 65 15 70 15 2 1 2*0 15 0 19 9 2*15
Maw_Maw22_11 1 0 1 14 0 1 0 30 2*0 35 0 1 5*0 42 3*0 6 100 0 2 2*0 1 0 3 4*0 100 0 36 3 2*0 1 7*0 2 2*0 1 0 1 5*0 14 0 8 0 15 0
Hel_Hel_18 2 2*0 12 3*0 7 2*0 3 3*0 100 0 3 2*0 2*100 0 2 0 100 98 2*0 1 2*0 1 2 8*0 2*1 3*0 87 1 2*0 1 5*0 100 3*0 11 2*1 0 13 0
Hel_Hel_15 2 2*0 12 3*0 8 2*0 3 3*0 98 0 3 0 1 2*98 0 2*2 98 96 2*0 1 2*0 1 2 2*0 2 0 1 3*0 2*1 3*0 85 1 2*0 1 5*0 98 3*0 11 1 2 0 13 0
Mil1_Mil1_06 5 91 72 16 18 4 94 1 0 94 4 2*0 1 0 88 0 92 1 2*0 4 14 3*0 89 6*0 1 72 0 94 1 65 0 53 19 0 7 90 94 5 82 1 2*5 94 0 94 0 94 0 1 2*5 16 5 66 4 14 94
Aus_Gri_03 0 3 1 14 0 9 0 12 99 0 11 1 98 3*0 1 0 9 2*0 93 71 4*0 98 93 96 90 2*96 0 9 2*0 14 12 1 13 24 96 90 2*0 3 5*0 90 0 97 5*0 14 0 11 13 16 0
Aus_Gri_10 2 3 1 14 2 10 0 12 94 0 11 2 93 0 1 0 2 0 10 2*1 89 67 3*1 0 93 89 91 86 2*91 0 9 1 0 15 11 2 13 23 91 85 2*0 4 2*0 2*2 0 85 0 92 0 1 0 2*2 14 2 10 14 16 0
Aus_Gri_04 0 4 1 14 0 8 0 12 96 0 12 3 95 3*0 3 0 10 2*0 91 69 4*0 96 91 93 88 2*93 0 9 2*0 15 12 3 13 24 94 87 2*0 3 5*0 88 0 95 5*0 14 0 11 12 16 0
Aus_AusII_07 2 3 2 14 2 10 0 12 91 0 11 0 90 4 4*0 10 2*0 86 65 3 3*0 90 86 88 83 2*88 4 8 3 0 14 11 0 13 22 89 82 2*0 3 0 4 2*2 0 83 0 90 2*0 4 2*2 14 2 10 13 15 0
Aus_AusII_05 2 3 1 14 2 10 0 12 96 0 11 0 95 0 1 3*0 9 2*1 91 69 0 2*1 0 96 91 93 88 2*93 0 9 2*0 14 12 0 13 24 94 87 2*0 4 2*0 2*2 0 88 0 95 0 1 0 2*2 14 2 10 14 16 0
Aus_Gri_08 0 3 1 14 0 8 0 12 96 0 11 1 95 0 2 0 1 0 9 2*2 91 69 0 2*2 0 96 91 93 88 2*93 0 9 2*0 14 11 1 13 23 94 87 2*0 4 5*0 88 0 95 0 2 3*0 14 0 10 12 16 0
Mil1_Mil1_05 2*0 18 15 3*0 5 2*0 4 2*0 100 0 1 2*0 1 2*0 2 1 3*0 1 3*0 4 2*0 100 4 3*0 6 5*0 5 2*0 6 100 1 2*0 2 4*0 100 2*0 15 0 8 0 12 0
Mil1_Mil1_19 10 73 59 16 20 10 76 3 9 76 5 0 9 4 0 71 0 74 2 2*0 12 18 3*0 72 3*9 8 2*9 4 60 0 76 3 55 0 46 20 9 14 73 76 4 66 4 2*10 76 8 76 9 76 0 4 2*10 15 10 55 10 14 76
Maw_Maw22_10 1 0 1 14 0 1 0 30 2*0 35 0 1 5*0 42 3*0 6 100 0 2 2*0 1 0 3 4*0 100 0 36 3 2*0 1 7*0 2 2*0 1 0 1 5*0 14 0 8 0 15 0
Mil2_Mil2_11 0 96 76 16 15 0 100 2*0 100 4 4*0 94 0 98 3*0 4 15 3*0 94 7*0 76 0 100 1 69 0 54 19 0 7 95 100 5 86 3*0 100 0 100 0 100 4*0 16 0 70 0 13 100
Maw_Maw22_05 11 1 3 15 9 11 1 26 14 1 29 39 15 2*0 2 38 1 33 2*0 13 14 36 0 2*1 14 2*15 3*14 0 3 36 1 31 4 39 6 17 15 14 2*1 2*2 0 2*11 1 15 1 14 1 2*0 2*10 15 10 5 11 15 1
Mil2_Mil2_12 10 67 53 15 19 10 69 4 12 69 6 0 12 6 0 65 0 67 3 2*0 14 19 3 2*0 65 12 11 12 11 12 11 6 55 3 69 4 50 0 42 19 12 16 66 69 4 60 6 2*10 69 11 69 12 69 0 6 2*10 15 10 50 11 14 69
Hel_Hel_43 2 0 4 16 0 1 0 30 2*0 36 100 3*0 4 97 2 42 3*0 4 4*0 1 2 3 2*0 1 4*0 39 0 100 0 27 2*2 2*0 4 3 0 2 4 0 5 7*0 16 0 2 0 16 0
Mil2_Mil2_04 31 53 41 15 35 30 54 7 13 54 6 0 13 2*0 51 0 53 3 2*0 15 17 3*0 53 6*13 0 46 0 54 6 42 0 42 22 13 16 52 54 4 48 0 2*31 54 12 54 13 54 2*0 2*32 15 32 40 30 14 54
Maw_Maw15_14 27 19 16 15 26 27 19 16 24 19 16 27 23 0 1 19 27 19 16 2*1 23 21 2 2*1 19 24 23 24 22 24 23 0 20 2 19 17 19 27 22 3*24 18 19 3 18 0 2*27 19 23 19 23 19 1 0 2*27 15 27 17 27 15 19
Aus_AusI_01 0 4 1 14 0 8 0 12 97 0 11 2 96 0 1 0 2 0 10 2*1 91 70 0 2*1 0 96 91 94 89 2*94 0 9 2*0 15 12 2 13 24 94 88 2*0 3 5*0 88 0 95 0 1 3*0 14 0 11 12 16 0
Aus_AusII_04 0 10 7 14 1 8 7 11 90 7 11 2 89 2*0 7 2 7 9 2*0 85 66 3*0 7 90 85 87 82 2*87 0 14 0 7 14 16 2 16 24 88 82 2*7 3 6 3*0 7 82 7 89 7 4*0 15 0 15 12 15 7
Mil1_Mil1_11 0 92 73 16 14 0 96 2*0 96 4 2*0 5 0 90 0 93 3*0 4 14 3*0 90 6*0 5 73 0 95 1 66 0 52 18 0 7 91 96 5 83 5 2*0 96 0 95 0 96 0 5 2*0 16 0 67 0 13 95
Mil1_Mil1_15 0 96 76 16 15 0 100 2*0 100 4 4*0 94 0 98 3*0 4 15 3*0 94 7*0 76 0 100 1 69 0 54 19 0 7 96 100 5 86 3*0 100 0 100 0 100 4*0 16 0 70 0 13 100
Hel_Hel_57 3 5 4 12 2*2 5 8 3 5 2*4 3 0 87 5 6 5 2 2*87 3 5 0 87 85 5 3 4 2*3 2*4 0 4 0 5 2 3*4 3*3 2*5 76 5 0 1 3 5 3 5 3 5 87 0 2*1 11 2 5 2 13 5
Mil1_Mil1_10 4 83 67 16 17 4 86 2 0 86 5 3 0 6 1 81 3 84 2 2*1 4 13 0 2*1 82 6*0 6 66 0 86 2 60 3 48 18 0 6 83 86 5 75 6 4 5 86 0 86 0 86 1 6 2*5 15 5 61 4 14 86
Mil1_Mil1_17 2*0 18 15 3*0 5 2*0 4 2*0 100 0 1 2*0 1 2*0 2 1 3*0 1 3*0 4 2*0 100 4 3*0 6 5*0 5 2*0 6 100 1 2*0 2 4*0 100 2*0 15 0 8 0 12 0
Wey_Wey_10 90 2*0 13 80 85 0 16 2*0 9 2 0 1 0 1 2 0 7 4*0 2 2*0 5 0 2 0 2*2 0 1 10 2 0 11 10 2 31 27 4*0 1 4 1 91 90 0 1 4*0 1 2*95 15 94 0 82 16 0
Wey_Wey_06 90 2*0 13 80 85 0 16 2*0 9 4 2*0 2*1 4 0 7 2*1 3*0 2*1 5 0 2 0 2*2 2*0 10 2*0 11 10 4 31 27 4*0 3 5 0 2*90 0 1 3*0 1 0 94 95 15 94 0 82 16 0
Mil2_Mil2_05 0 96 76 16 15 0 100 2*0 100 4 4*0 94 0 98 3*0 4 15 3*0 94 7*0 76 0 100 1 69 0 54 19 0 7 96 100 5 86 3*0 100 0 100 0 100 4*0 16 0 70 0 13 100
Aus_AusI_04 1 3 2 14 1 9 0 13 91 0 12 5 89 2 2*0 5 0 11 2*0 85 65 1 3*0 90 85 88 83 2*88 2 8 1 0 15 11 5 12 23 88 82 2*0 3 0 2 2*1 0 83 0 89 2*0 2 2*1 15 1 10 12 16 0
Mil2_Mil2_09 0 96 76 16 15 0 100 2*0 100 4 4*0 94 0 97 3*0 4 15 3*0 94 7*0 76 0 100 1 69 0 54 19 0 7 95 100 5 86 3*0 100 0 100 0 100 4*0 16 0 70 0 13 100
Aus_AusII_08 0 4 1 14 0 9 0 12 98 0 11 0 97 5*0 9 2*0 93 70 1 3*0 97 92 95 90 2*95 0 9 1 0 14 12 0 13 23 95 89 2*0 3 5*0 89 0 97 5*0 14 0 11 12 16 0
Mil1_Mil1_04 0 96 76 16 15 0 100 2*0 100 4 4*0 94 0 98 3*0 4 15 3*0 94 7*0 76 0 100 1 69 0 54 19 0 7 96 100 5 86 3*0 100 0 100 0 100 4*0 16 0 70 0 13 100
Hel_Hel_32 2 2*0 12 3*0 7 2*0 3 3*0 100 0 3 2*0 2*100 0 2 0 100 98 2*0 1 2*0 1 2 8*0 2*1 3*0 87 1 2*0 1 5*0 100 3*0 11 2*1 0 13 0
Mil2_Mil2_03 2*0 18 15 3*0 5 2*0 4 2*0 100 0 1 2*0 1 2*0 2 1 3*0 1 3*0 4 2*0 100 4 3*0 6 5*0 5 2*0 6 100 1 2*0 2 4*0 100 2*0 15 0 8 0 12 0
Swa_Swa_04 95 2*0 13 84 90 0 16 2*0 8 4*0 1 2*0 5 7*0 5 0 2 0 2*2 2*0 10 2*0 2*10 0 32 27 4*0 1 5 0 95 94 0 1 5*0 2*100 14 99 0 87 16 0
Swa_Swa_08 95 2*0 13 84 90 0 16 2*0 8 4*0 1 2*0 5 7*0 5 0 2 0 2*2 2*0 10 2*0 2*10 0 32 27 4*0 1 5 0 2*95 0 1 5*0 2*100 15 99 0 87 16 0
Mil1_Mil1_14 14 16 15 14 2*15 16 2*14 16 15 16 14 15 11 16 15 16 15 2*11 2*15 14 2*11 16 6*14 2*15 14 16 2*15 16 2*15 14 15 2*16 11 4*15 16 15 16 14 16 11 3*15 2*14 15 2*14 16
Tud_Tud_04 94 2*0 13 84 89 0 16 2*0 8 3*0 2*1 2*0 5 2*1 3*0 2*1 5 0 2 0 2*2 2*0 10 2*0 2*10 0 32 27 4*0 2 5 0 2*94 0 1 3*0 1 0 2*99 14 98 0 86 16 0
Mil2_Mil2_07 0 68 55 15 10 1 70 5 11 70 7 2 11 8 1 66 2 69 5 2*1 13 19 8 1 2 66 11 10 11 3*10 8 55 8 70 5 50 2 40 17 11 15 67 70 5 61 8 2*0 70 10 70 11 70 1 8 2*0 15 0 52 1 14 70
Wey_Wey_07 82 2*0 13 73 79 0 15 13 0 8 0 12 2*0 1 2*0 6 2*0 12 9 3*0 4 13 14 12 13 14 12 0 10 2*0 2*11 0 30 27 2*12 2*0 2 4 0 2*82 0 12 0 12 3*0 2*87 14 86 1 77 16 0
Maw_Maw15_P2 16 14 13 14 15 16 14 15 16 14 15 2*16 12 13 14 16 14 15 2*13 3*15 2*13 14 3*16 15 2*16 12 14 15 14 15 14 16 14 15 16 15 13 14 13 14 12 2*16 13 16 14 16 14 13 12 2*16 14 16 14 16 2*14
Mil2_Mil2_10 0 96 76 16 15 0 100 2*0 100 4 4*0 94 0 98 3*0 4 15 3*0 94 7*0 76 0 100 1 69 0 54 19 0 7 95 100 5 86 3*0 100 0 100 0 100 4*0 16 0 70 0 13 100
