-----------------------------------------------------------------
PopCluster, Version 1.4.0.0, Build 20240115, Expire Date 20270115
              Copyright (C) 2017-2024 Jinliang Wang
        Institute of Zoology, Zoological Society of London
                  Email: jinliang.wang@ioz.ac.uk
-----------------------------------------------------------------


------------------------------
Running parameters and options
------------------------------

Command line arguments:
  C:\ZSL\PopCluster1\PopClusterWin INP:C:\ZSL\PopCluster1\Results\Lcorallioides_ramets\Lcorallioides_ramets.PcPjt MPI:1 OMP:2

Run parameters:
  Number of individuals = 66
  Mean number alleles/locus = 2.00
  Minimum number alleles/locus = 2
  Maximum number alleles/locus = 2
  Number monomorphic loci = 0
  Number polymorphic loci = 10215
  Number all loci = 10215
  Number of assumed populations (K:1-7) = 7
  Random number seed = 123
  Replicate run (out of 10) = 5
  Number of MPI parallel processes used = 2
  Number of openMP threads per MPI process = 2
  Missing value = -9
  LocusAdmixQ = 0
  Parameter file = C:\ZSL\PopCluster1\Results\Lcorallioides_ramets\Lcorallioides_ramets.PcPjt
  Genotype file = C:\ZSL\PopCluster1\Results\Lcorallioides_ramets\Lcorallioides_ramets.dat
  PopDataQ = 0
  PopFlagQ = 0
  OutAlleleFre = 0
  Model = 2
  Scaling = 2
  AllSNP = 1
  UseKMeans = 0
  LocusFst = 0
  DataForm = 0
  Search method = AssignProb
  Allele frequency prior = Equal
    (Frequency prior reset from 2 to 1 due to Scaling > 0)


---------------------------------------
Summary of analyses of Run = 5 at K = 7
---------------------------------------
Run      WeekDay   Date(D/M/Y) Time(S/M/H)
Started  Tuesday   09/09/2025  54/08/10
Finished Tuesday   09/09/2025  43/29/10

Clustering analysis:
  LogL, NumIter = -1.6123432287E+05, 427457
  TimeTaken(WallClock second) = 43

Admixture analysis:
  Tol, NumIter = 4.8013384662E-07, 61
  TimeTaken(WallClock second) = 4


----------------------------
Distribution of missing data
----------------------------
  #MissGtype       #Loci
           0       10215

A genotype with both alleles missing is counted
  as a missing genotype (MissGtype)
A monomorphic locus is counted as having 66 MissGtype


---------------------------
Clustering analysis results
---------------------------
Estimated cluster of individuals 1~66
        Label  #Hom  #Het #Mis       F ML_C
   Swa_Swa_02  6951  3264    0 -0.0086    5
 Mil2_Mil2_08  6290  3925    0 -0.1754    3
 Mil1_Mil1_07  6570  3645    0 -0.0876    3
 Mil2_Mil2_01  6310  3905    0 -0.1797    3
   Tud_Tud_02  6565  3650    0 -0.0856    5
   Wey_Wey_09  6628  3587    0 -0.0723    5
 Mil1_Mil1_13  6430  3785    0 -0.1531    3
   Hel_Hel_26  6744  3471    0 -0.0836    6
  Aus_AusI_02  6549  3666    0 -0.1081    1
 Mil2_Mil2_02  6264  3951    0 -0.1966    3
   Hel_Hel_38  5526  4689    0 -0.3036    6
   Hel_Hel_21  5589  4626    0 -0.3050    6
 Aus_AusII_01  6735  3480    0 -0.0837    1
 Mil1_Mil1_01  6181  4034    0 -0.1999    4
   Hel_Hel_39  6316  3899    0 -0.1905    2
 Mil1_Mil1_02  6554  3661    0 -0.1033    3
   Hel_Hel_07  6526  3689    0 -0.1209    6
 Mil2_Mil2_06  6217  3998    0 -0.1901    3
   Hel_Hel_33  6531  3684    0 -0.1189    6
   Hel_Hel_28  6423  3792    0 -0.1717    2
   Hel_Hel_60  6329  3886    0 -0.1865    2
 Aus_AusII_02  6346  3869    0 -0.1493    1
  Aus_AusI_03  6614  3601    0 -0.0914    1
 Maw_Maw22_11  6555  3660    0 -0.1154    7
   Hel_Hel_18  6380  3835    0 -0.1773    2
   Hel_Hel_15  6105  4110    0 -0.2259    2
 Mil1_Mil1_06  6473  3742    0 -0.1315    3
   Aus_Gri_03  7134  3081    0  0.0067    1
   Aus_Gri_10  7122  3093    0  0.0116    1
   Aus_Gri_04  6614  3601    0 -0.1109    1
 Aus_AusII_07  6860  3355    0 -0.0554    1
 Aus_AusII_05  6916  3299    0 -0.0423    1
   Aus_Gri_08  6913  3302    0 -0.0588    1
 Mil1_Mil1_05  6220  3995    0 -0.1930    4
 Mil1_Mil1_19  6282  3933    0 -0.1827    3
 Maw_Maw22_10  6512  3703    0 -0.1228    7
 Mil2_Mil2_11  6629  3586    0 -0.1122    3
 Maw_Maw22_05  6585  3630    0 -0.0936    6
 Mil2_Mil2_12  6277  3938    0 -0.1787    3
   Hel_Hel_43  6556  3659    0 -0.1132    6
 Mil2_Mil2_04  6494  3721    0 -0.1253    5
 Maw_Maw15_14  5850  4365    0 -0.2610    6
  Aus_AusI_01  6721  3494    0 -0.0758    1
 Aus_AusII_04  6643  3572    0 -0.0851    1
 Mil1_Mil1_11  6696  3519    0 -0.0817    3
 Mil1_Mil1_15  6387  3828    0 -0.1464    3
   Hel_Hel_57  5473  4742    0 -0.3377    2
 Mil1_Mil1_10  6220  3995    0 -0.1860    3
 Mil1_Mil1_17  6182  4033    0 -0.1983    4
   Wey_Wey_10  7016  3199    0  0.0136    5
   Wey_Wey_06  6883  3332    0 -0.0211    5
 Mil2_Mil2_05  6463  3752    0 -0.1386    3
  Aus_AusI_04  6795  3420    0 -0.0709    1
 Mil2_Mil2_09  6397  3818    0 -0.1515    3
 Aus_AusII_08  6829  3386    0 -0.0437    1
 Mil1_Mil1_04  6239  3976    0 -0.1997    3
   Hel_Hel_32  6418  3797    0 -0.1663    2
 Mil2_Mil2_03  6268  3947    0 -0.1839    4
   Swa_Swa_04  7065  3150    0  0.0590    5
   Swa_Swa_08  7265  2950    0  0.0984    5
 Mil1_Mil1_14  6261  3954    0 -0.1505    3
   Tud_Tud_04  6977  3238    0  0.0703    5
 Mil2_Mil2_07  6384  3831    0 -0.1554    3
   Wey_Wey_07  6721  3494    0 -0.0515    5
 Maw_Maw15_P2  6488  3727    0 -0.1453    1
 Mil2_Mil2_10  5167  5048    0 -0.3794    3

Column note
  1-Individual Label (Label)
  2-Number Homozygotes (#Hom)
  3-Number Heterozygotes (#Het)
  4-Number (partial) Missing Genotypes (#Mis)
  5-Individual Inbreeding (F)
  6-ML ClusterID (ML_C)

%individuals with F < -1/(#individuals) = 0.8788


----------------------------------------
Inferred clusters: F-Statistics analysis
----------------------------------------
Cluster #Members     Fst     Fis     Fit
      1       15  0.0578 -0.1554 -0.0886
      2        7  0.2800 -0.7501 -0.2601
      3       20  0.0320 -0.2630 -0.2226
      4        4  0.3357 -0.8937 -0.2581
      5       10  0.0331 -0.0919 -0.0557
      6        8  0.0041 -0.2552 -0.2500
      7        2  0.3609 -0.8109 -0.1573


--------------------------------
Inferred Fst between populations
--------------------------------
    Pop#    Pop1    Pop2    Pop3    Pop4    Pop5    Pop6    Pop7
    Pop1  0.0959
    Pop2  0.1354  0.2016
    Pop3  0.0758  0.1530  0.0834
    Pop4  0.1441  0.2252  0.1248  0.1587
    Pop5  0.0537  0.1354  0.0640  0.1397  0.0591
    Pop6  0.0429  0.1189  0.0632  0.1300  0.0518  0.0426
    Pop7  0.1046  0.1806  0.1161  0.1850  0.1048  0.1011  0.0701

NOTE: Fst(i,i) is Fst for pop i from all populations (including i)
      Fst(i,j) (i<j) is Fst between populations i and j


------------------
Admixture analysis
------------------
Inferred ancestry of individuals 1~66 (%Miss includes monomorphic loci)
Index Order        Label %Miss Cluster : Inferred ancestry in clusters 1~7
    1    52   Swa_Swa_02   0.0       5 : 0.000 0.017 0.000 0.002 0.938 0.033 0.010
    2    32 Mil2_Mil2_08   0.0       3 : 0.033 0.000 0.965 0.000 0.000 0.002 0.000
    3    37 Mil1_Mil1_07   0.0       3 : 0.025 0.000 0.790 0.170 0.000 0.014 0.001
    4    41 Mil2_Mil2_01   0.0       3 : 0.291 0.000 0.481 0.134 0.035 0.052 0.007
    5    54   Tud_Tud_02   0.0       5 : 0.000 0.002 0.132 0.001 0.851 0.000 0.014
    6    53   Wey_Wey_09   0.0       5 : 0.102 0.000 0.000 0.000 0.885 0.003 0.010
    7    27 Mil1_Mil1_13   0.0       3 : 0.000 0.000 1.000 0.000 0.000 0.000 0.000
    8    61   Hel_Hel_26   0.0       6 : 0.061 0.032 0.000 0.020 0.039 0.579 0.269
    9     1  Aus_AusI_02   0.0       1 : 0.999 0.000 0.001 0.000 0.000 0.000 0.000
   10    25 Mil2_Mil2_02   0.0       3 : 0.000 0.000 1.000 0.000 0.000 0.000 0.000
   11    64   Hel_Hel_38   0.0       1 : 0.245 0.012 0.140 0.025 0.090 0.244 0.244
   12    57   Hel_Hel_21   0.0       6 : 0.000 0.000 0.000 0.000 0.000 1.000 0.000
   13     4 Aus_AusII_01   0.0       1 : 0.984 0.000 0.000 0.000 0.000 0.000 0.016
   14    45 Mil1_Mil1_01   0.0       4 : 0.000 0.000 0.000 1.000 0.000 0.000 0.000
   15    18   Hel_Hel_39   0.0       2 : 0.000 1.000 0.000 0.000 0.000 0.000 0.000
   16    34 Mil1_Mil1_02   0.0       3 : 0.000 0.000 0.949 0.008 0.008 0.035 0.000
   17    59   Hel_Hel_07   0.0       6 : 0.001 0.048 0.000 0.002 0.000 0.949 0.000
   18    31 Mil2_Mil2_06   0.0       3 : 0.000 0.000 0.984 0.000 0.000 0.008 0.008
   19    63   Hel_Hel_33   0.0       6 : 0.281 0.000 0.097 0.015 0.038 0.379 0.190
   20    19   Hel_Hel_28   0.0       2 : 0.000 1.000 0.000 0.000 0.000 0.000 0.000
   21    16   Hel_Hel_60   0.0       2 : 0.000 1.000 0.000 0.000 0.000 0.000 0.000
   22    10 Aus_AusII_02   0.0       1 : 0.947 0.000 0.039 0.014 0.000 0.000 0.000
   23    14  Aus_AusI_03   0.0       1 : 0.721 0.022 0.142 0.012 0.000 0.049 0.054
   24    66 Maw_Maw22_11   0.0       7 : 0.000 0.000 0.000 0.000 0.000 0.000 1.000
   25    17   Hel_Hel_18   0.0       2 : 0.000 1.000 0.000 0.000 0.000 0.000 0.000
   26    21   Hel_Hel_15   0.0       2 : 0.000 0.971 0.000 0.000 0.000 0.018 0.011
   27    35 Mil1_Mil1_06   0.0       3 : 0.000 0.000 0.938 0.008 0.054 0.000 0.000
   28     2   Aus_Gri_03   0.0       1 : 0.997 0.001 0.000 0.000 0.000 0.002 0.000
   29     9   Aus_Gri_10   0.0       1 : 0.948 0.010 0.000 0.000 0.018 0.013 0.011
   30     5   Aus_Gri_04   0.0       1 : 0.979 0.000 0.003 0.000 0.000 0.018 0.000
   31    11 Aus_AusII_07   0.0       1 : 0.929 0.004 0.000 0.035 0.016 0.000 0.016
   32     7 Aus_AusII_05   0.0       1 : 0.972 0.011 0.000 0.000 0.016 0.000 0.001
   33     8   Aus_Gri_08   0.0       1 : 0.968 0.022 0.000 0.000 0.000 0.010 0.000
   34    46 Mil1_Mil1_05   0.0       4 : 0.000 0.000 0.000 1.000 0.000 0.000 0.000
   35    38 Mil1_Mil1_19   0.0       3 : 0.101 0.000 0.773 0.041 0.084 0.001 0.000
   36    65 Maw_Maw22_10   0.0       7 : 0.000 0.000 0.000 0.000 0.000 0.000 1.000
   37    23 Mil2_Mil2_11   0.0       3 : 0.000 0.000 1.000 0.000 0.000 0.000 0.000
   38    60 Maw_Maw22_05   0.0       6 : 0.001 0.000 0.000 0.000 0.001 0.887 0.111
   39    40 Mil2_Mil2_12   0.0       3 : 0.135 0.004 0.702 0.056 0.095 0.000 0.008
   40    58   Hel_Hel_43   0.0       6 : 0.000 0.000 0.000 0.000 0.000 1.000 0.000
   41    56 Mil2_Mil2_04   0.0       5 : 0.133 0.120 0.170 0.136 0.172 0.129 0.140
   42    62 Maw_Maw15_14   0.0       6 : 0.197 0.018 0.173 0.024 0.165 0.413 0.010
   43     6  Aus_AusI_01   0.0       1 : 0.974 0.011 0.001 0.000 0.000 0.014 0.000
   44    13 Aus_AusII_04   0.0       1 : 0.910 0.000 0.081 0.000 0.002 0.007 0.000
   45    33 Mil1_Mil1_11   0.0       3 : 0.000 0.000 0.956 0.044 0.000 0.000 0.000
   46    28 Mil1_Mil1_15   0.0       3 : 0.000 0.000 1.000 0.000 0.000 0.000 0.000
   47    22   Hel_Hel_57   0.0       2 : 0.026 0.867 0.049 0.000 0.012 0.046 0.000
   48    36 Mil1_Mil1_10   0.0       3 : 0.000 0.003 0.881 0.051 0.041 0.024 0.000
   49    44 Mil1_Mil1_17   0.0       4 : 0.000 0.000 0.000 1.000 0.000 0.000 0.000
   50    51   Wey_Wey_10   0.0       5 : 0.002 0.000 0.000 0.006 0.938 0.039 0.015
   51    50   Wey_Wey_06   0.0       5 : 0.002 0.014 0.001 0.000 0.939 0.044 0.000
   52    24 Mil2_Mil2_05   0.0       3 : 0.000 0.000 1.000 0.000 0.000 0.000 0.000
   53    12  Aus_AusI_04   0.0       1 : 0.916 0.000 0.000 0.017 0.003 0.057 0.007
   54    30 Mil2_Mil2_09   0.0       3 : 0.000 0.000 0.999 0.001 0.000 0.000 0.000
   55     3 Aus_AusII_08   0.0       1 : 0.987 0.000 0.004 0.000 0.001 0.002 0.006
   56    26 Mil1_Mil1_04   0.0       3 : 0.000 0.000 1.000 0.000 0.000 0.000 0.000
   57    20   Hel_Hel_32   0.0       2 : 0.000 1.000 0.000 0.000 0.000 0.000 0.000
   58    43 Mil2_Mil2_03   0.0       4 : 0.000 0.000 0.000 1.000 0.000 0.000 0.000
   59    47   Swa_Swa_04   0.0       5 : 0.000 0.000 0.000 0.002 0.998 0.000 0.000
   60    48   Swa_Swa_08   0.0       5 : 0.003 0.000 0.000 0.000 0.997 0.000 0.000
   61    42 Mil1_Mil1_14   0.0       3 : 0.324 0.000 0.397 0.105 0.152 0.000 0.022
   62    49   Tud_Tud_04   0.0       5 : 0.000 0.009 0.001 0.000 0.990 0.000 0.000
   63    39 Mil2_Mil2_07   0.0       3 : 0.123 0.016 0.723 0.075 0.007 0.000 0.056
   64    55   Wey_Wey_07   0.0       5 : 0.138 0.001 0.000 0.000 0.852 0.009 0.000
   65    15 Maw_Maw15_P2   0.0       5 : 0.225 0.079 0.085 0.050 0.226 0.180 0.155
   66    29 Mil2_Mil2_10   0.0       3 : 0.000 0.000 0.999 0.000 0.000 0.001 0.000


----------------------------------------------------------
Pairwise co-assignment probability from admixture analysis
----------------------------------------------------------
Inferred co-assignment probability between an individual in a row (i) and an individual in a column (j)
  Individuals in both row i and column j are ordered as in the genotype data. Values are c(i,j)*100
Swa_Swa_02 88 2*0 3 80 83 0 6 2*0 9 3 2*0 2 1 3 0 5 2*2 2*0 1 2*2 5 0 2 0 2*2 2*0 8 1 0 3 9 3 2*17 4*0 3 4 0 2*88 5*0 2 0 2*94 14 93 1 80 22 0
Mil2_Mil2_08 0 93 76 47 13 0 96 0 3 96 14 0 3 2*0 92 0 95 10 2*0 7 16 3*0 91 2*3 4 3*3 0 75 0 97 0 68 0 2*17 3 11 92 96 5 85 3*0 96 3 96 4 96 4*0 39 0 70 0 9 96
Mil1_Mil1_07 0 76 65 41 10 0 79 1 3 79 12 1 2 17 0 75 1 78 9 2*0 6 13 3*0 74 2*2 2*3 2*2 17 62 0 79 1 57 1 16 15 3 9 76 79 4 71 17 2*0 79 3 79 3 79 0 17 2*0 34 0 59 0 8 79
Mil2_Mil2_01 4 47 41 34 9 6 48 5 29 48 16 5 29 13 0 46 5 47 15 2*0 30 28 1 2*0 45 29 28 29 3*28 13 41 1 48 5 39 5 15 17 28 30 47 48 3 43 13 2*4 48 27 48 29 48 0 13 2*4 30 4 39 7 13 48
Tud_Tud_02 80 13 10 9 74 75 13 4 0 13 10 4*0 13 0 13 5 2*0 1 2 1 2*0 17 0 2 0 2*1 2*0 17 1 13 0 17 0 17 16 0 1 2*13 2 15 0 2*80 13 0 13 0 13 2*0 2*85 18 84 10 72 21 13
Wey_Wey_09 83 2*0 6 75 79 0 4 10 0 11 0 10 2*0 1 2*0 7 2*0 10 7 1 2*0 5 10 11 10 2*11 10 0 8 1 2*0 10 0 2*17 2*10 2*0 1 4 0 2*83 0 10 0 10 3*0 2*88 17 88 2 77 23 0
Mil1_Mil1_13 0 96 79 48 13 0 100 2*0 100 14 4*0 95 0 98 10 2*0 4 14 3*0 94 7*0 77 0 100 0 70 0 2*17 0 8 96 100 5 88 3*0 100 0 100 0 100 4*0 40 0 72 0 9 100
Hel_Hel_26 6 0 1 5 2*4 0 41 6 0 23 58 6 2 3 2 55 1 29 2*3 6 9 27 3 4 0 6 2*7 2*6 7 2 1 27 0 54 2 58 13 26 7 6 2*0 6 2*2 2*6 0 9 0 6 0 3 2 2*4 3 4 2 5 17 0
Aus_AusI_02 0 3 2 29 0 10 0 6 100 0 24 0 98 5*0 28 2*0 95 72 4*0 100 95 98 93 2*97 0 10 3*0 13 0 13 20 97 91 2*0 3 5*0 91 0 99 5*0 32 0 12 14 22 0
Mil2_Mil2_02 0 96 79 48 13 0 100 2*0 100 14 4*0 95 0 98 10 2*0 4 14 3*0 94 7*0 77 0 100 0 70 0 2*17 0 8 96 100 5 88 3*0 100 0 100 0 100 4*0 40 0 72 0 9 100
Hel_Hel_38 9 14 12 16 10 11 14 23 24 14 21 2*24 2 1 14 23 14 22 2*1 24 22 24 1 2 14 3*24 23 2*24 2 14 24 14 24 14 24 14 19 2*24 13 14 4 13 3 2*10 14 24 14 24 14 1 3 2*9 16 9 15 11 17 14
Hel_Hel_21 3 0 1 5 3*0 58 2*0 24 100 3*0 3 95 1 38 3*0 5 2*0 2 2*0 1 2 2*0 1 4*0 89 0 100 13 41 2*1 2*0 5 2 0 2*4 0 6 10*0 1 18 0
Aus_AusII_01 0 3 2 29 0 10 0 6 98 0 24 0 97 5*0 28 2*0 93 71 2 3*0 98 93 96 91 96 95 0 10 2 2*0 13 0 13 19 96 90 2*0 3 5*0 90 0 97 5*0 32 0 12 14 22 0
Mil1_Mil1_01 2*0 17 13 3*0 2 2*0 2 2*0 100 0 1 2*0 2 2*0 2*1 3*0 1 3*0 3 2*0 100 4 3*0 6 0 14 2 2*0 4 2*0 5 100 1 2*0 2 4*0 100 2*0 11 0 8 0 5 0
Hel_Hel_39 2 6*0 3 2*0 1 3*0 100 0 5 2*0 2*100 0 2 0 100 97 2*0 1 2*0 1 2 7*0 12 2 1 3*0 87 3*0 1 5*0 100 4*0 1 2 0 8 0
Mil1_Mil1_02 1 92 75 46 13 1 95 2 0 95 14 3 0 1 0 90 3 93 11 2*0 4 14 3*0 89 6*0 1 73 0 95 3 67 3 17 18 0 8 91 95 5 84 3*1 95 0 95 0 95 0 3*1 38 1 69 1 9 95
Hel_Hel_07 3 0 1 5 3*0 55 2*0 23 95 2*0 5 3 90 1 36 2*5 0 5 0 5 6 2*0 1 2 2*0 1 4*0 84 0 95 13 39 2*1 2*0 8 2 0 2*4 0 5 3*0 5 6*0 1 17 0
Mil2_Mil2_06 0 95 78 47 13 0 98 1 0 98 14 1 3*0 93 1 97 10 2*0 4 14 1 2*0 92 7*0 76 1 98 1 69 1 2*17 0 8 94 98 5 87 3*0 98 0 98 0 98 4*0 39 0 71 0 9 98
Hel_Hel_33 5 10 9 15 5 7 10 29 28 10 22 38 28 2 0 11 36 10 27 2*0 27 25 19 0 1 9 28 27 28 2*27 28 2 11 19 10 36 11 38 14 24 28 27 9 10 3 10 2 2*5 10 28 10 28 10 0 2 2*4 14 4 12 7 18 10
Hel_Hel_28 2 6*0 3 2*0 1 3*0 100 0 5 2*0 2*100 0 2 0 100 97 2*0 1 2*0 1 2 7*0 12 2 1 3*0 87 3*0 1 5*0 100 4*0 1 2 0 8 0
Hel_Hel_60 2 6*0 3 2*0 1 3*0 100 0 5 2*0 2*100 0 2 0 100 97 2*0 1 2*0 1 2 7*0 12 2 1 3*0 87 3*0 1 5*0 100 4*0 1 2 0 8 0
Aus_AusII_02 0 7 6 30 1 10 4 6 95 4 24 0 93 1 0 4 0 4 27 2*0 90 69 3*0 4 94 90 93 88 2*92 1 13 0 4 0 16 0 13 19 92 86 2*4 3 4 1 2*0 4 87 4 93 4 0 1 2*0 32 0 15 13 22 4
Aus_AusI_03 0 16 13 28 2 7 14 9 72 14 22 5 71 1 2 14 5 14 25 2*2 69 55 5 2*2 13 72 69 71 67 2*70 1 18 5 14 5 20 5 14 19 70 67 2*14 5 13 1 2*0 14 66 14 71 14 2 1 2*0 29 0 20 10 19 14
Maw_Maw22_11 1 2*0 3*1 0 27 2*0 24 0 2 4*0 1 19 3*0 5 100 0 1 2*0 1 0 2 4*0 100 0 11 1 0 14 1 7*0 1 2*0 1 0 1 5*0 2 0 6 0 15 0
Hel_Hel_18 2 6*0 3 2*0 1 3*0 100 0 5 2*0 2*100 0 2 0 100 97 2*0 1 2*0 1 2 7*0 12 2 1 3*0 87 3*0 1 5*0 100 4*0 1 2 0 8 0
Hel_Hel_15 2 6*0 4 2*0 2*2 2*0 97 0 6 0 1 2*97 0 2 1 97 94 2*0 1 2*0 1 2 2*0 1 0 2 0 2 12 3 1 3*0 84 3*0 1 5*0 97 4*0 1 2 0 8 0
Mil1_Mil1_06 5 91 74 45 17 5 94 2*0 94 14 2*0 1 0 89 0 92 9 2*0 4 13 3*0 88 6*0 1 73 0 94 0 66 0 2*17 0 8 90 94 5 83 1 2*5 94 0 94 0 94 0 1 2*5 38 5 68 5 9 94
Aus_Gri_03 0 3 2 29 0 10 0 6 100 0 24 0 98 5*0 28 2*0 94 72 4*0 99 95 98 93 2*97 0 10 3*0 13 0 13 20 97 91 2*0 3 5*0 91 0 98 5*0 32 0 12 14 23 0
Aus_Gri_10 2 3 2 28 2 11 0 7 95 0 24 1 93 0 1 0 1 0 27 2*1 90 69 3*1 0 95 90 93 88 2*92 0 10 1 0 1 13 1 13 20 92 86 2*0 3 2*0 2*2 0 87 0 94 0 1 0 2*2 31 2 12 15 22 0
Aus_Gri_04 0 4 3 29 0 10 0 7 98 0 24 2 96 3*0 2 0 28 2*0 93 71 4*0 98 93 96 91 2*95 0 10 2*0 2 13 2 13 20 95 89 2*0 3 5*0 90 0 97 5*0 32 0 12 14 22 0
Aus_AusII_07 2 2*3 28 1 11 0 6 93 0 23 0 91 3 4*0 27 2*0 88 67 2 3*0 93 88 91 86 2*90 3 10 2 2*0 13 0 13 19 90 85 2*0 3 0 4 2*2 0 85 0 92 2*0 4 2*2 31 2 12 14 22 0
Aus_AusII_05 2 3 2 28 1 11 0 6 97 0 24 0 96 0 1 3*0 27 2*1 92 70 0 2*1 0 97 92 95 90 95 94 0 10 3*0 13 0 13 19 95 88 2*0 3 2*0 2*2 0 89 0 96 0 1 0 2*2 32 2 12 15 22 0
Aus_Gri_08 0 3 2 28 0 10 0 7 97 0 24 1 95 0 2 0 1 0 28 2*2 92 70 0 2*2 0 97 92 95 90 2*94 0 10 2*0 1 13 1 13 20 94 88 2*0 4 5*0 89 0 96 0 2 3*0 31 0 12 13 22 0
Mil1_Mil1_05 2*0 17 13 3*0 2 2*0 2 2*0 100 0 1 2*0 2 2*0 2*1 3*0 1 3*0 3 2*0 100 4 3*0 6 0 14 2 2*0 4 2*0 5 100 1 2*0 2 4*0 100 2*0 11 0 8 0 5 0
Mil1_Mil1_19 8 75 62 41 17 9 77 1 10 77 14 0 10 4 0 73 0 76 11 2*0 13 18 3*0 73 6*10 4 62 0 77 0 57 0 2*17 10 15 74 77 4 69 4 2*8 77 9 77 10 77 0 4 2*8 36 8 58 9 11 77
Maw_Maw22_10 1 2*0 3*1 0 27 2*0 24 0 2 4*0 1 19 3*0 5 100 0 1 2*0 1 0 2 4*0 100 0 11 1 0 14 1 7*0 1 2*0 1 0 1 5*0 2 0 6 0 15 0
Mil2_Mil2_11 0 97 79 48 13 0 100 2*0 100 14 4*0 95 0 98 10 2*0 4 14 3*0 94 7*0 77 0 100 0 70 0 2*17 0 8 96 100 5 88 3*0 100 0 100 0 100 4*0 40 0 72 0 9 100
Maw_Maw22_05 3 0 1 5 3*0 54 2*0 24 89 3*0 3 84 1 36 3*0 5 11 0 2 2*0 1 2 2*0 1 2*0 11 0 80 0 89 13 37 2*1 2*0 4 2 0 2*4 0 5 9*0 2*1 18 0
Mil2_Mil2_12 9 68 57 39 17 10 70 2 14 70 14 0 13 6 0 67 0 69 11 2*0 16 20 1 2*0 66 6*13 6 57 1 70 0 52 0 16 17 13 18 67 70 4 63 6 2*9 70 12 70 14 70 0 6 9 10 34 9 53 10 12 70
Hel_Hel_43 3 0 1 5 3*0 58 2*0 24 100 3*0 3 95 1 38 3*0 5 2*0 2 2*0 1 2 2*0 1 4*0 89 0 100 13 41 2*1 2*0 5 2 0 2*4 0 6 10*0 1 18 0
Mil2_Mil2_04 2*17 16 15 3*17 2*13 17 14 2*13 14 12 17 13 17 14 2*12 13 2*14 2*12 17 6*13 14 17 14 17 13 16 13 15 14 13 14 2*17 12 17 14 3*17 13 17 13 17 12 14 2*17 15 17 16 17 14 17
Maw_Maw15_14 2*17 15 17 16 2*17 26 20 17 19 41 19 2*2 18 39 17 24 2*2 2*19 1 2 3 17 3*20 2*19 20 2 17 1 17 37 17 41 14 27 2*20 2*17 5 17 2 3*17 20 17 20 17 2*2 4*16 15 3*17
Aus_AusI_01 0 2*3 28 0 10 0 7 97 0 24 1 96 0 1 0 1 0 28 2*1 92 70 0 2*1 0 97 92 95 90 95 94 0 10 2*0 1 13 1 13 20 95 89 2*0 4 5*0 89 0 96 0 1 3*0 32 0 12 13 22 0
Aus_AusII_04 0 11 9 30 1 10 8 6 91 8 24 1 90 2*0 8 1 8 27 2*0 86 67 3*0 8 91 86 89 85 2*88 0 16 0 8 1 18 1 14 20 89 83 2*8 3 7 3*0 8 83 8 90 8 3*0 1 33 0 17 13 21 8
Mil1_Mil1_11 0 92 76 47 13 0 96 2*0 96 13 2*0 4 0 91 0 94 9 2*0 4 14 3*0 90 6*0 4 74 0 96 0 67 0 2*17 0 8 92 96 5 84 4 2*0 96 0 96 0 96 0 4 2*0 38 0 69 0 8 96
Mil1_Mil1_15 0 96 79 48 13 0 100 2*0 100 14 4*0 95 0 98 10 2*0 4 14 3*0 94 7*0 77 0 100 0 70 0 2*17 0 8 96 100 5 88 3*0 100 0 100 0 100 4*0 40 0 72 0 9 100
Hel_Hel_57 3 5 4 3 2 1 5 6 3 5 4 5 3 0 87 5 8 5 3 2*87 3 5 0 87 84 5 5*3 4 0 4 0 5 2*4 5 12 5 4 3 2*5 76 5 0 1 3 5 3 5 3 5 87 0 2*1 3 2 5 2 9 5
Mil1_Mil1_10 4 85 71 43 15 4 88 2 0 88 13 2 0 5 0 84 2 87 10 2*0 3 13 3*0 83 6*0 5 69 0 88 2 63 2 2*17 0 7 84 88 5 78 5 2*4 88 0 88 0 88 0 5 2*4 36 4 64 4 9 88
Mil1_Mil1_17 2*0 17 13 3*0 2 2*0 2 2*0 100 0 1 2*0 2 2*0 2*1 3*0 1 3*0 3 2*0 100 4 3*0 6 0 14 2 2*0 4 2*0 5 100 1 2*0 2 4*0 100 2*0 11 0 8 0 5 0
Wey_Wey_10 88 2*0 4 80 83 0 6 2*0 10 4 0 1 0 1 4 0 5 4*0 2 2*0 5 0 2 0 2*2 0 1 8 2 0 4 9 4 2*17 4*0 1 4 1 2*88 0 1 4*0 1 2*94 14 93 1 80 22 0
Wey_Wey_06 88 2*0 4 80 83 0 6 2*0 10 4 2*0 2*1 4 0 5 2*1 3*0 2*1 5 0 2 0 2*2 2*0 8 2*0 4 9 4 2*17 4*0 3 4 0 2*88 0 1 3*0 1 0 2*94 14 93 1 80 22 0
Mil2_Mil2_05 0 96 79 48 13 0 100 2*0 100 14 4*0 95 0 98 10 2*0 4 14 3*0 94 7*0 77 0 100 0 70 0 2*17 0 8 96 100 5 88 3*0 100 0 100 0 100 4*0 40 0 72 0 9 100
Aus_AusI_04 0 2*3 27 0 10 0 9 91 0 24 6 90 2 2*0 5 0 28 2*0 87 66 1 3*0 91 87 90 85 2*89 2 9 1 0 5 12 6 13 20 89 83 2*0 3 0 2 2*1 0 84 0 90 2*0 2 0 1 30 0 11 13 22 0
Mil2_Mil2_09 0 96 79 48 13 0 100 2*0 100 14 4*0 95 0 98 10 2*0 4 14 3*0 94 7*0 77 0 100 0 70 0 2*17 0 8 96 100 5 88 3*0 100 0 100 0 100 4*0 40 0 72 0 9 100
Aus_AusII_08 0 4 3 29 0 10 0 6 99 0 24 0 97 5*0 28 2*0 93 71 1 3*0 98 94 97 92 2*96 0 10 1 2*0 14 0 13 20 96 90 2*0 3 5*0 90 0 97 5*0 32 0 12 14 22 0
Mil1_Mil1_04 0 96 79 48 13 0 100 2*0 100 14 4*0 95 0 98 10 2*0 4 14 3*0 94 7*0 77 0 100 0 70 0 2*17 0 8 96 100 5 88 3*0 100 0 100 0 100 4*0 40 0 72 0 9 100
Hel_Hel_32 2 6*0 3 2*0 1 3*0 100 0 5 2*0 2*100 0 2 0 100 97 2*0 1 2*0 1 2 7*0 12 2 1 3*0 87 3*0 1 5*0 100 4*0 1 2 0 8 0
Mil2_Mil2_03 2*0 17 13 3*0 2 2*0 2 2*0 100 0 1 2*0 2 2*0 2*1 3*0 1 3*0 3 2*0 100 4 3*0 6 0 14 2 2*0 4 2*0 5 100 1 2*0 2 4*0 100 2*0 11 0 8 0 5 0
Swa_Swa_04 94 2*0 4 85 88 0 4 2*0 9 4*0 1 2*0 4 7*0 5 0 2 0 2*2 2*0 8 3*0 9 0 17 16 4*0 1 4 0 2*94 7*0 100 99 15 99 1 85 23 0
Swa_Swa_08 94 2*0 4 85 88 0 4 2*0 9 4*0 1 2*0 4 7*0 5 0 2 0 2*2 2*0 8 3*0 10 0 17 16 0 1 2*0 1 4 0 2*94 0 1 5*0 2*99 15 99 1 85 23 0
Mil1_Mil1_14 14 39 34 30 18 17 40 3 32 40 16 0 32 11 0 38 0 39 14 2*0 32 29 2 2*0 38 32 31 32 31 32 31 11 36 2 40 0 34 0 15 16 32 33 38 40 3 36 11 2*14 40 30 40 32 40 0 11 2*15 30 15 34 17 15 40
Tud_Tud_04 93 2*0 3 84 88 0 4 2*0 9 3*0 2*1 2*0 4 2*1 3*0 2*1 5 0 2 0 2*2 2*0 8 3*0 9 0 17 16 4*0 2 4 0 2*93 5*0 1 0 2*99 15 98 1 84 22 0
Mil2_Mil2_07 1 70 59 39 10 2 72 2 12 72 15 0 12 8 2 69 0 71 12 2*2 15 20 6 2*2 68 6*12 8 58 6 72 1 53 0 16 15 12 17 69 72 5 64 8 2*1 72 11 72 12 72 2 8 2*1 34 1 55 2 10 72
Wey_Wey_07 80 2*0 7 72 77 0 5 14 0 11 1 14 2*0 2*1 0 7 2*0 13 10 3*0 5 14 15 2*14 15 13 0 9 2*0 1 10 1 2*17 2*13 2*0 1 4 0 2*80 0 13 0 14 3*0 2*85 17 84 2 74 23 0
Maw_Maw15_P2 22 9 8 13 21 23 9 17 23 9 17 18 22 5 8 9 17 9 18 2*8 22 19 15 2*8 9 23 5*22 5 11 15 9 18 12 18 14 17 22 21 8 3*9 5 2*22 9 22 9 22 9 8 5 2*23 15 22 10 23 17 9
Mil2_Mil2_10 0 96 79 48 13 0 100 2*0 100 14 4*0 95 0 98 10 2*0 4 14 3*0 94 7*0 77 0 100 0 70 0 2*17 0 8 96 100 5 88 3*0 100 0 100 0 100 4*0 40 0 72 0 9 100
