-----------------------------------------------------------------
PopCluster, Version 1.4.0.0, Build 20240115, Expire Date 20270115
              Copyright (C) 2017-2024 Jinliang Wang
        Institute of Zoology, Zoological Society of London
                  Email: jinliang.wang@ioz.ac.uk
-----------------------------------------------------------------


------------------------------
Running parameters and options
------------------------------

Command line arguments:
  C:\ZSL\PopCluster1\PopClusterWin INP:C:\ZSL\PopCluster1\Results\Pcalcareum_ramets\Pcalcareum_ramets.PcPjt MPI:1 OMP:2

Run parameters:
  Number of individuals = 87
  Mean number alleles/locus = 2.00
  Minimum number alleles/locus = 2
  Maximum number alleles/locus = 2
  Number monomorphic loci = 0
  Number polymorphic loci = 15328
  Number all loci = 15328
  Number of assumed populations (K:1-8) = 4
  Random number seed = 123
  Replicate run (out of 10) = 10
  Number of MPI parallel processes used = 4
  Number of openMP threads per MPI process = 2
  Missing value = -9
  LocusAdmixQ = 0
  Parameter file = C:\ZSL\PopCluster1\Results\Pcalcareum_ramets\Pcalcareum_ramets.PcPjt
  Genotype file = C:\ZSL\PopCluster1\Results\Pcalcareum_ramets\Pcalcareum_ramets.dat
  PopDataQ = 0
  PopFlagQ = 0
  OutAlleleFre = 0
  Model = 2
  Scaling = 2
  AllSNP = 1
  UseKMeans = 0
  LocusFst = 0
  DataForm = 0
  Search method = AssignProb
  Allele frequency prior = Equal
    (Frequency prior reset from 2 to 1 due to Scaling > 0)


----------------------------------------
Summary of analyses of Run = 10 at K = 4
----------------------------------------
Run      WeekDay   Date(D/M/Y) Time(S/M/H)
Started  Tuesday   09/09/2025  07/24/08
Finished Tuesday   09/09/2025  24/24/09

Clustering analysis:
  LogL, NumIter = -2.4092794304E+05, 162875
  TimeTaken(WallClock second) = 150

Admixture analysis:
  Tol, NumIter = 4.5428798448E-08, 51
  TimeTaken(WallClock second) = 19


----------------------------
Distribution of missing data
----------------------------
  #MissGtype       #Loci
           0       15328

A genotype with both alleles missing is counted
  as a missing genotype (MissGtype)
A monomorphic locus is counted as having 87 MissGtype


---------------------------
Clustering analysis results
---------------------------
Estimated cluster of individuals 1~87
           Label  #Hom  #Het #Mis       F ML_C
      Zar_Zar_10 12221  3107    0  0.0284    1
      Zar_Zar_06 12279  3049    0  0.0384    1
      Zar_Zar_11 12343  2985    0  0.0410    1
      Zar_Zar_12 12415  2913    0  0.0596    1
      Aus_Gri_15 11544  3784    0 -0.0486    1
      Aus_Gri_12 12180  3148    0  0.0324    1
    Maw_Maw22_04 11238  4090    0  0.0052    3
      Man_Man_08 12253  3075    0  0.0349    1
      Biz_Biz_06 11281  4047    0 -0.0863    1
      Man_Man_24 11359  3969    0 -0.0692    1
      Ger_Ger_01 10273  5055    0 -0.1932    3
      Ger_Nar_07 11440  3888    0 -0.0832    1
      Aus_Gri_13 11778  3550    0 -0.0261    1
      Zar_Zar_01 12497  2831    0  0.0744    1
    Maw_Maw15_84 10367  4961    0 -0.1894    3
      Aus_Gri_11 10422  4906    0 -0.1681    3
      Man_Man_07 11237  4091    0 -0.0686    3
      Aus_Gri_14 10364  4964    0 -0.1811    3
  MawC_Maw22C_06  5043 10285    0 -0.5336    2
      Biz_Biz_12 11406  3922    0 -0.0327    3
      Ger_Ger_05 10441  4887    0 -0.1737    3
  MawC_Maw11C_04  6555  8773    0 -0.1679    2
  MawC_Maw22C_16  5153 10175    0 -0.5089    2
  MawC_Maw11C_06  5862  9466    0 -0.3466    2
      Man_Man_10 11202  4126    0 -0.0783    1
      Man_Man_03 11762  3566    0 -0.0241    1
      Ger_Nar_02 11417  3911    0 -0.0847    1
      Ger_Nar_05 10439  4889    0 -0.1788    3
      Ger_Nar_10 11186  4142    0 -0.0856    1
      Biz_Biz_20 11713  3615    0 -0.0173    1
    Aus_AusII_03 10649  4679    0 -0.0793    3
      Aus_Gri_01 10669  4659    0 -0.0758    3
      Ger_Ger_06 10356  4972    0 -0.1867    3
      Ger_Nar_04 11400  3928    0 -0.0865    1
      Biz_Biz_19 11501  3827    0 -0.0622    1
      Ger_Nar_03 11409  3919    0 -0.0855    1
    Maw_Maw15_82 10422  4906    0 -0.1751    3
    Maw_Maw22_07 11196  4132    0  0.0002    3
      Biz_Biz_23 11446  3882    0 -0.0356    3
      Ger_Ger_04 10313  5015    0 -0.1926    3
      Man_Man_21 11845  3483    0 -0.0095    1
  MawC_Maw11C_09  5348  9980    0 -0.4848    2
    Aus_AusII_06 10670  4658    0 -0.0778    3
      Biz_Biz_24 11469  3859    0 -0.0539    1
      Ger_Nar_08 11418  3910    0 -0.0849    1
      Aus_Gri_06 10379  4949    0 -0.1734    3
      Biz_Biz_21 11636  3692    0 -0.0412    1
  MawC_Maw11C_10  5270 10058    0 -0.4916    2
      Man_Man_05 11035  4293    0 -0.1186    1
  MawC_Maw11C_01  6302  9026    0 -0.2184    2
      Aus_Gri_09 11276  4052    0 -0.0647    3
      Man_Man_28 12086  3242    0  0.0138    1
  MawC_Maw11C_02  5573  9755    0 -0.4118    2
      Man_Man_11 10354  4974    0 -0.1833    3
  MawC_Maw22C_10  5113 10215    0 -0.5241    2
  MawC_Maw11C_07  5335  9993    0 -0.4620    2
  MawC_Maw22C_03  5148 10180    0 -0.5090    2
   Maw_Maw15_27b 10406  4922    0 -0.1776    3
 MawC_Maw22C_P11  5104 10224    0 -0.5239    2
    Maw_Maw22_08 10814  4514    0 -0.0441    3
  MawC_Maw22C_12  5119 10209    0 -0.5139    2
    Maw_Maw15_77 10397  4931    0 -0.1867    3
      Biz_Biz_13 10458  4870    0 -0.1669    3
      Ger_Nar_09 11435  3893    0 -0.0832    1
      Biz_Biz_22 10340  4988    0 -0.1842    3
    Maw_Maw15_P1 10545  4783    0 -0.1657    3
      Ger_Nar_06 11406  3922    0 -0.0865    1
      Zar_Zar_05 12391  2937    0  0.0514    1
  MawC_Maw22C_14  5081 10247    0 -0.5200    2
  MawC_Maw22C_15  5251 10077    0 -0.4785    2
      Zar_Zar_08 12363  2965    0  0.0476    1
      Man_Man_44 11467  3861    0 -0.0351    1
      Man_Man_06 10286  5042    0 -0.1873    3
      Ger_Nar_01 11582  3746    0 -0.0645    1
      Biz_Biz_01 11664  3664    0 -0.0389    1
      Wey_Wey_01 10997  4331    0 -0.0523    4
      Ger_Ger_02 10392  4936    0 -0.1803    3
      Man_Man_04 12025  3303    0  0.0178    1
      Wey_Wey_04 11215  4113    0 -0.0131    4
      Wey_Wey_05 11029  4299    0 -0.0480    4
      Zar_Zar_03 12133  3195    0  0.0087    1
      Zar_Zar_07 12233  3095    0  0.0409    1
      Zar_Zar_02 12317  3011    0  0.0473    1
      Zar_Zar_04 12342  2986    0  0.0423    1
      Wey_Wey_03 11127  4201    0 -0.0673    4
    Maw_Maw15_75 10341  4987    0 -0.1847    3
      Wey_Wey_02 11150  4178    0 -0.0667    4

Column note
  1-Individual Label (Label)
  2-Number Homozygotes (#Hom)
  3-Number Heterozygotes (#Het)
  4-Number (partial) Missing Genotypes (#Mis)
  5-Individual Inbreeding (F)
  6-ML ClusterID (ML_C)

%individuals with F < -1/(#individuals) = 0.7701


----------------------------------------
Inferred clusters: F-Statistics analysis
----------------------------------------
Cluster #Members     Fst     Fis     Fit
      1       38  0.3970 -0.2365  0.2544
      2       15 -0.1055 -0.8894 -1.0887
      3       29  0.2789 -0.3767  0.0072
      4        5  0.3958 -0.4735  0.1097


--------------------------------
Inferred Fst between populations
--------------------------------
    Pop#    Pop1    Pop2    Pop3    Pop4
    Pop1  0.4471
    Pop2  0.3824 -0.0607
    Pop3  0.3183  0.3766  0.4161
    Pop4  0.2144  0.3150  0.3778  0.3084

NOTE: Fst(i,i) is Fst for pop i from all populations (including i)
      Fst(i,j) (i<j) is Fst between populations i and j


------------------
Admixture analysis
------------------
Inferred ancestry of individuals 1~87 (%Miss includes monomorphic loci)
Index Order           Label %Miss Cluster : Inferred ancestry in clusters 1~4
    1     9      Zar_Zar_10   0.0       1 : 0.999 0.000 0.000 0.001
    2     4      Zar_Zar_06   0.0       1 : 0.999 0.000 0.000 0.001
    3    10      Zar_Zar_11   0.0       1 : 0.999 0.000 0.000 0.001
    4     5      Zar_Zar_12   0.0       1 : 0.999 0.000 0.000 0.001
    5    29      Aus_Gri_15   0.0       1 : 0.881 0.000 0.119 0.000
    6     3      Aus_Gri_12   0.0       1 : 0.999 0.000 0.000 0.001
    7    59    Maw_Maw22_04   0.0       3 : 0.089 0.000 0.911 0.000
    8     6      Man_Man_08   0.0       1 : 0.999 0.000 0.000 0.001
    9    32      Biz_Biz_06   0.0       1 : 0.784 0.000 0.216 0.000
   10    31      Man_Man_24   0.0       1 : 0.811 0.000 0.189 0.000
   11    75      Ger_Ger_01   0.0       3 : 0.498 0.002 0.498 0.002
   12    16      Ger_Nar_07   0.0       1 : 0.993 0.000 0.007 0.000
   13    28      Aus_Gri_13   0.0       1 : 0.920 0.000 0.080 0.000
   14    11      Zar_Zar_01   0.0       1 : 0.999 0.000 0.000 0.001
   15    66    Maw_Maw15_84   0.0       3 : 0.492 0.000 0.508 0.000
   16    69      Aus_Gri_11   0.0       3 : 0.500 0.000 0.500 0.000
   17    82      Man_Man_07   0.0       3 : 0.484 0.004 0.486 0.026
   18    62      Aus_Gri_14   0.0       3 : 0.461 0.000 0.539 0.000
   19    51  MawC_Maw22C_06   0.0       2 : 0.001 0.997 0.001 0.001
   20    81      Biz_Biz_12   0.0       1 : 0.496 0.004 0.496 0.004
   21    72      Ger_Ger_05   0.0       3 : 0.499 0.001 0.499 0.001
   22    39  MawC_Maw11C_04   0.0       2 : 0.000 1.000 0.000 0.000
   23    48  MawC_Maw22C_16   0.0       2 : 0.001 0.997 0.001 0.001
   24    44  MawC_Maw11C_06   0.0       2 : 0.001 0.998 0.000 0.001
   25    34      Man_Man_10   0.0       1 : 0.782 0.000 0.217 0.001
   26    25      Man_Man_03   0.0       1 : 0.955 0.000 0.045 0.000
   27    17      Ger_Nar_02   0.0       1 : 0.992 0.000 0.008 0.000
   28    76      Ger_Nar_05   0.0       3 : 0.498 0.002 0.498 0.002
   29    37      Ger_Nar_10   0.0       1 : 0.750 0.000 0.250 0.000
   30    36      Biz_Biz_20   0.0       1 : 0.779 0.000 0.221 0.000
   31    57    Aus_AusII_03   0.0       3 : 0.001 0.000 0.999 0.000
   32    55      Aus_Gri_01   0.0       3 : 0.001 0.000 0.999 0.000
   33    71      Ger_Ger_06   0.0       3 : 0.499 0.001 0.499 0.001
   34    20      Ger_Nar_04   0.0       1 : 0.991 0.000 0.009 0.000
   35    30      Biz_Biz_19   0.0       1 : 0.853 0.000 0.146 0.001
   36    19      Ger_Nar_03   0.0       1 : 0.991 0.000 0.009 0.000
   37    73    Maw_Maw15_82   0.0       3 : 0.499 0.001 0.499 0.001
   38    58    Maw_Maw22_07   0.0       3 : 0.087 0.000 0.913 0.000
   39    79      Biz_Biz_23   0.0       3 : 0.495 0.004 0.497 0.004
   40    68      Ger_Ger_04   0.0       3 : 0.499 0.000 0.500 0.001
   41    24      Man_Man_21   0.0       1 : 0.955 0.000 0.045 0.000
   42    40  MawC_Maw11C_09   0.0       2 : 0.000 0.999 0.000 0.001
   43    54    Aus_AusII_06   0.0       3 : 0.001 0.000 0.999 0.000
   44    35      Biz_Biz_24   0.0       1 : 0.781 0.000 0.219 0.000
   45    18      Ger_Nar_08   0.0       1 : 0.992 0.000 0.008 0.000
   46    60      Aus_Gri_06   0.0       3 : 0.454 0.000 0.546 0.000
   47    23      Biz_Biz_21   0.0       1 : 0.975 0.000 0.025 0.000
   48    43  MawC_Maw11C_10   0.0       2 : 0.001 0.998 0.000 0.001
   49    33      Man_Man_05   0.0       1 : 0.783 0.000 0.217 0.000
   50    46  MawC_Maw11C_01   0.0       2 : 0.001 0.997 0.001 0.001
   51    80      Aus_Gri_09   0.0       3 : 0.496 0.004 0.496 0.004
   52    27      Man_Man_28   0.0       1 : 0.945 0.000 0.055 0.000
   53    47  MawC_Maw11C_02   0.0       2 : 0.001 0.997 0.001 0.001
   54    77      Man_Man_11   0.0       3 : 0.498 0.002 0.498 0.002
   55    41  MawC_Maw22C_10   0.0       2 : 0.000 0.999 0.000 0.001
   56    50  MawC_Maw11C_07   0.0       2 : 0.001 0.997 0.001 0.001
   57    52  MawC_Maw22C_03   0.0       2 : 0.001 0.997 0.001 0.001
   58    63   Maw_Maw15_27b   0.0       3 : 0.480 0.000 0.520 0.000
   59    42 MawC_Maw22C_P11   0.0       2 : 0.000 0.999 0.000 0.001
   60    56    Maw_Maw22_08   0.0       3 : 0.001 0.000 0.999 0.000
   61    45  MawC_Maw22C_12   0.0       2 : 0.001 0.997 0.001 0.001
   62    64    Maw_Maw15_77   0.0       3 : 0.490 0.000 0.510 0.000
   63    67      Biz_Biz_13   0.0       3 : 0.498 0.000 0.502 0.000
   64    21      Ger_Nar_09   0.0       1 : 0.991 0.000 0.009 0.000
   65    61      Biz_Biz_22   0.0       3 : 0.459 0.000 0.541 0.000
   66    65    Maw_Maw15_P1   0.0       3 : 0.490 0.000 0.510 0.000
   67    15      Ger_Nar_06   0.0       1 : 0.993 0.000 0.007 0.000
   68     7      Zar_Zar_05   0.0       1 : 0.999 0.000 0.000 0.001
   69    49  MawC_Maw22C_14   0.0       2 : 0.001 0.997 0.001 0.001
   70    53  MawC_Maw22C_15   0.0       2 : 0.011 0.989 0.000 0.000
   71     8      Zar_Zar_08   0.0       1 : 0.999 0.000 0.000 0.001
   72    38      Man_Man_44   0.0       1 : 0.725 0.000 0.275 0.000
   73    70      Man_Man_06   0.0       3 : 0.498 0.001 0.500 0.001
   74    14      Ger_Nar_01   0.0       1 : 0.997 0.000 0.003 0.000
   75    22      Biz_Biz_01   0.0       1 : 0.976 0.000 0.024 0.000
   76    84      Wey_Wey_01   0.0       4 : 0.001 0.000 0.000 0.999
   77    74      Ger_Ger_02   0.0       3 : 0.498 0.001 0.499 0.002
   78    26      Man_Man_04   0.0       1 : 0.953 0.000 0.047 0.000
   79    83      Wey_Wey_04   0.0       4 : 0.001 0.000 0.000 0.999
   80    85      Wey_Wey_05   0.0       4 : 0.001 0.000 0.000 0.999
   81     1      Zar_Zar_03   0.0       1 : 0.999 0.000 0.000 0.001
   82    13      Zar_Zar_07   0.0       1 : 0.999 0.000 0.000 0.001
   83     2      Zar_Zar_02   0.0       1 : 0.999 0.000 0.000 0.001
   84    12      Zar_Zar_04   0.0       1 : 0.999 0.000 0.000 0.001
   85    87      Wey_Wey_03   0.0       4 : 0.410 0.000 0.000 0.590
   86    78    Maw_Maw15_75   0.0       1 : 0.498 0.002 0.498 0.002
   87    86      Wey_Wey_02   0.0       4 : 0.392 0.000 0.000 0.608


----------------------------------------------------------
Pairwise co-assignment probability from admixture analysis
----------------------------------------------------------
Inferred co-assignment probability between an individual in a row (i) and an individual in a column (j)
  Individuals in both row i and column j are ordered as in the genotype data. Values are c(i,j)*100
Zar_Zar_10 4*100 88 100 9 100 78 81 50 99 92 100 49 50 48 46 0 2*50 3*0 78 95 99 50 75 78 2*0 50 99 85 99 50 9 49 50 95 2*0 78 99 45 97 0 78 0 50 94 0 50 3*0 48 3*0 49 50 99 46 49 99 100 0 1 100 72 50 100 98 0 50 95 2*0 4*100 41 50 39
Zar_Zar_06 4*100 88 100 9 100 78 81 50 99 92 100 49 50 48 46 0 2*50 3*0 78 95 99 50 75 78 2*0 50 99 85 99 50 9 49 50 95 2*0 78 99 45 97 0 78 0 50 94 0 50 3*0 48 3*0 49 50 99 46 49 99 100 0 1 100 72 50 100 98 0 50 95 2*0 4*100 41 50 39
Zar_Zar_11 4*100 88 100 9 100 78 81 50 99 92 100 49 50 48 46 0 2*50 3*0 78 95 99 50 75 78 2*0 50 99 85 99 50 9 49 50 95 2*0 78 99 45 97 0 78 0 50 94 0 50 3*0 48 3*0 49 50 99 46 49 99 100 0 1 100 72 50 100 98 0 50 95 2*0 4*100 41 50 39
Zar_Zar_12 4*100 88 100 9 100 78 81 50 99 92 100 49 50 48 46 0 2*50 3*0 78 95 99 50 75 78 2*0 50 99 85 99 50 9 49 50 95 2*0 78 99 45 97 0 78 0 50 94 0 50 3*0 48 3*0 49 50 99 46 49 99 100 0 1 100 72 50 100 98 0 50 95 2*0 4*100 41 50 39
Aus_Gri_15 4*88 79 88 19 88 72 74 50 88 82 88 49 50 48 47 0 2*50 3*0 71 85 87 50 69 71 2*12 50 87 77 87 50 19 2*50 85 0 12 71 87 46 86 0 72 0 50 84 0 50 3*0 48 0 12 0 49 50 87 47 49 2*88 0 1 88 67 50 88 86 0 50 84 2*0 4*88 36 50 35
Aus_Gri_12 4*100 88 100 9 100 78 81 50 99 92 100 49 50 48 46 0 2*50 3*0 78 95 99 50 75 78 2*0 50 99 85 99 50 9 49 50 95 2*0 78 99 45 97 0 78 0 50 94 0 50 3*0 48 3*0 49 50 99 46 49 99 100 0 1 100 72 50 100 98 0 50 95 2*0 4*100 41 50 39
Maw_Maw22_04 4*9 19 9 84 9 27 24 50 9 15 9 51 50 49 53 0 2*50 3*0 27 13 9 50 29 27 2*91 50 10 21 10 50 84 2*50 13 0 91 27 10 54 11 0 27 0 50 13 0 50 3*0 52 0 91 0 51 50 10 53 51 2*9 2*0 9 31 50 9 11 0 50 13 2*0 4*9 4 50 3
Man_Man_08 4*100 88 100 9 100 78 81 50 99 92 100 49 50 48 46 0 2*50 3*0 78 95 99 50 75 78 2*0 50 99 85 99 50 9 49 50 95 2*0 78 99 45 97 0 78 0 50 94 0 50 3*0 48 3*0 49 50 99 46 49 99 100 0 1 100 72 50 100 98 0 50 95 2*0 4*100 41 50 39
Biz_Biz_06 4*78 72 78 27 78 66 68 50 78 74 78 2*50 2*48 0 2*50 3*0 66 76 78 50 64 66 2*22 50 78 70 78 50 27 2*50 76 0 22 66 78 47 77 0 66 0 50 75 0 50 3*0 49 0 22 0 49 50 78 48 49 2*78 0 1 78 63 50 78 77 0 50 76 2*0 4*78 32 50 31
Man_Man_24 4*81 74 81 24 81 68 69 50 81 76 81 49 50 2*48 0 2*50 3*0 68 78 81 50 66 67 2*19 50 81 72 81 50 24 2*50 78 0 19 67 81 47 80 0 68 0 50 78 0 50 3*0 49 0 19 0 49 50 81 47 49 2*81 0 1 81 64 50 81 80 0 50 78 2*0 4*81 33 50 32
Ger_Ger_01 16*50 48 50 0 49 50 3*0 14*50 49 2*50 0 5*50 0 50 0 49 50 0 50 3*0 50 0 50 0 7*50 0 1 5*50 0 2*50 2*0 4*50 21 50 20
Ger_Nar_07 4*99 88 99 9 99 78 81 50 99 91 99 49 50 48 46 0 2*50 3*0 78 95 99 50 75 78 2*1 50 98 85 98 50 9 2*50 95 0 1 78 99 45 97 0 78 0 50 94 0 50 3*0 48 0 1 0 49 50 98 46 49 2*99 0 1 99 72 50 99 97 0 50 95 2*0 4*99 41 50 39
Aus_Gri_13 4*92 82 92 15 92 74 76 50 91 85 92 49 50 48 47 0 2*50 3*0 74 88 91 50 71 73 2*8 50 91 80 91 50 15 2*50 88 0 8 74 91 46 90 0 74 0 50 87 0 50 3*0 48 0 8 0 49 50 91 47 49 91 92 0 1 92 69 50 92 90 0 50 88 2*0 4*92 38 50 36
Zar_Zar_01 4*100 88 100 9 100 78 81 50 99 92 100 49 50 48 46 0 2*50 3*0 78 95 99 50 75 78 2*0 50 99 85 99 50 9 49 50 95 2*0 78 99 45 97 0 78 0 50 94 0 50 3*0 48 3*0 49 50 99 46 49 99 100 0 1 100 72 50 100 98 0 50 95 2*0 4*100 41 50 39
Maw_Maw15_84 6*49 51 49 50 49 50 3*49 2*50 48 50 0 2*50 3*0 3*49 3*50 2*51 50 3*49 50 51 2*50 49 0 51 50 49 50 49 0 50 0 50 49 0 50 3*0 50 0 51 0 2*50 49 2*50 2*49 0 1 49 2*50 2*49 0 50 49 2*0 4*49 20 50 19
Aus_Gri_11 16*50 48 50 0 2*50 3*0 17*50 0 5*50 0 50 0 2*50 0 50 3*0 50 0 50 0 7*50 0 1 5*50 0 2*50 2*0 4*50 21 50 20
Man_Man_07 6*48 49 9*48 47 49 0 2*48 3*0 6*48 2*49 5*48 49 48 49 48 0 49 2*48 49 48 0 48 0 2*48 0 48 3*0 49 0 49 0 3*48 49 3*48 0 1 5*48 3 2*48 2*3 4*48 21 48 21
Aus_Gri_14 4*46 47 46 53 46 2*48 50 46 47 46 2*50 49 50 0 2*50 3*0 48 2*46 50 2*48 2*54 50 46 47 46 50 53 2*50 46 0 54 48 46 50 46 0 48 0 50 47 0 50 3*0 50 0 54 0 2*50 46 2*50 2*46 0 1 46 48 50 2*46 0 50 46 2*0 4*46 19 50 18
MawC_Maw22C_06 18*0 99 2*0 100 99 100 17*0 100 5*0 100 0 99 2*0 99 0 100 2*99 0 100 0 99 7*0 2*99 17*0
Biz_Biz_12 10*50 49 5*50 48 50 0 2*49 3*0 3*50 49 4*50 49 3*50 49 50 49 2*50 0 5*50 0 50 0 49 50 0 49 3*0 50 0 50 0 7*50 0 1 2*50 49 2*50 0 49 50 2*0 4*50 21 49 20
Ger_Ger_05 16*50 48 50 0 49 50 3*0 17*50 0 5*50 0 50 0 2*50 0 50 3*0 50 0 50 0 7*50 0 1 5*50 0 2*50 2*0 4*50 20 50 20
MawC_Maw11C_04 18*0 100 2*0 3*100 17*0 100 5*0 100 0 100 2*0 100 0 3*100 0 100 0 100 7*0 100 99 17*0
MawC_Maw22C_16 18*0 99 2*0 100 99 100 17*0 100 5*0 100 0 99 2*0 99 0 100 2*99 0 100 0 99 7*0 2*99 17*0
MawC_Maw11C_06 18*0 100 2*0 3*100 17*0 100 5*0 100 0 100 2*0 100 0 3*100 0 100 0 100 7*0 100 99 17*0
Man_Man_10 4*78 71 78 27 78 66 68 50 78 74 78 49 50 2*48 0 2*50 3*0 66 76 78 50 64 66 2*22 50 78 70 78 50 27 2*50 76 0 22 66 78 47 77 0 66 0 50 75 0 50 3*0 49 0 22 0 49 50 78 48 49 2*78 0 1 78 63 50 78 77 0 50 76 2*0 4*78 32 50 31
Man_Man_03 4*95 85 95 13 95 76 78 50 95 88 95 49 50 48 46 0 2*50 3*0 76 91 95 50 73 75 2*5 50 95 82 95 50 12 2*50 91 0 5 76 95 46 93 0 76 0 50 91 0 50 3*0 48 0 5 0 49 50 95 46 49 2*95 0 1 95 70 50 95 93 0 50 91 2*0 4*95 39 50 37
Ger_Nar_02 4*99 87 99 9 99 78 81 50 99 91 99 49 50 48 46 0 2*50 3*0 78 95 98 50 75 77 2*1 50 98 85 98 50 9 2*50 95 0 1 78 98 45 97 0 78 0 50 94 0 50 3*0 48 0 1 0 49 50 98 46 49 2*99 0 1 99 72 50 99 97 0 50 95 2*0 4*99 41 50 39
Ger_Nar_05 16*50 48 50 0 49 50 3*0 14*50 49 2*50 0 5*50 0 50 0 49 50 0 50 3*0 50 0 50 0 7*50 0 1 5*50 0 2*50 2*0 4*50 21 50 20
Ger_Nar_10 4*75 69 75 29 75 64 66 50 75 71 75 2*50 2*48 0 2*50 3*0 64 73 75 50 63 64 2*25 50 75 68 75 50 29 2*50 73 0 25 64 75 48 74 0 64 0 50 72 0 50 3*0 49 0 25 0 2*50 75 48 50 2*75 0 1 75 61 50 75 74 0 50 73 2*0 4*75 31 50 29
Biz_Biz_20 4*78 71 78 27 78 66 67 50 78 73 78 2*50 2*48 0 2*50 3*0 66 75 77 50 64 66 2*22 50 77 70 77 50 27 2*50 75 0 22 66 77 47 77 0 66 0 50 75 0 50 3*0 49 0 22 0 49 50 77 48 49 2*78 0 1 78 63 50 78 77 0 50 75 2*0 4*78 32 50 31
Aus_AusII_03 4*0 12 0 91 0 22 19 50 1 8 0 51 50 49 54 0 49 50 3*0 22 4 1 50 25 22 2*100 50 1 15 1 50 91 2*50 5 0 100 22 1 55 3 0 22 0 50 6 0 50 3*0 52 0 100 0 51 50 1 54 51 1 4*0 27 50 0 2 0 50 5 7*0 50 0
Aus_Gri_01 4*0 12 0 91 0 22 19 50 1 8 0 51 50 49 54 0 49 50 3*0 22 4 1 50 25 22 2*100 50 1 15 1 50 91 2*50 5 0 100 22 1 55 3 0 22 0 50 6 0 50 3*0 52 0 100 0 51 50 1 54 51 1 4*0 27 50 0 2 0 50 5 7*0 50 0
Ger_Ger_06 16*50 48 50 0 49 50 3*0 17*50 0 5*50 0 50 0 2*50 0 50 3*0 50 0 50 0 7*50 0 1 5*50 0 2*50 2*0 4*50 20 50 20
Ger_Nar_04 4*99 87 99 10 99 78 81 50 98 91 99 49 50 48 46 0 2*50 3*0 78 95 98 50 75 77 2*1 50 98 85 98 50 9 2*50 95 0 1 78 98 45 97 0 78 0 50 94 0 50 3*0 48 0 1 0 49 50 98 46 49 98 99 0 1 99 72 50 99 97 0 50 95 2*0 4*99 41 50 39
Biz_Biz_19 4*85 77 85 21 85 70 72 50 85 80 85 49 50 48 47 0 2*50 3*0 70 82 85 50 68 70 2*15 50 85 75 85 50 21 2*50 82 0 15 70 85 47 84 0 70 0 50 81 0 50 3*0 49 0 15 0 49 50 85 47 49 2*85 0 1 85 66 50 85 84 0 50 82 2*0 4*85 35 50 33
Ger_Nar_03 4*99 87 99 10 99 78 81 50 98 91 99 49 50 48 46 0 2*50 3*0 78 95 98 50 75 77 2*1 50 98 85 98 50 9 2*50 95 0 1 78 98 45 97 0 78 0 50 94 0 50 3*0 48 0 1 0 49 50 98 46 49 98 99 0 1 99 72 50 99 97 0 50 95 2*0 4*99 41 50 39
Maw_Maw15_82 16*50 48 50 0 49 50 3*0 17*50 0 5*50 0 50 0 49 50 0 50 3*0 50 0 50 0 7*50 0 1 5*50 0 2*50 2*0 4*50 21 50 20
Maw_Maw22_07 4*9 19 9 84 9 27 24 50 9 15 9 51 50 49 53 0 2*50 3*0 27 12 9 50 29 27 2*91 50 9 21 9 50 84 2*50 13 0 91 27 9 54 11 0 27 0 50 13 0 50 3*0 52 0 91 0 51 50 9 53 51 2*9 2*0 9 31 50 9 11 0 50 13 2*0 4*9 4 50 3
Biz_Biz_23 4*49 50 49 50 49 2*50 49 2*50 49 2*50 48 50 0 49 50 3*0 3*50 49 10*50 49 2*50 0 5*50 0 50 0 49 50 0 49 3*0 50 0 50 0 6*50 49 0 1 49 4*50 0 49 50 2*0 4*49 21 49 20
Ger_Ger_04 16*50 49 50 0 2*50 3*0 17*50 0 5*50 0 50 0 2*50 0 50 3*0 50 0 50 0 7*50 0 1 5*50 0 2*50 2*0 4*50 21 50 20
Man_Man_21 4*95 85 95 13 95 76 78 50 95 88 95 49 50 48 46 0 2*50 3*0 76 91 95 50 73 75 2*5 50 95 82 95 50 13 2*50 91 0 5 76 95 46 93 0 76 0 50 91 0 50 3*0 48 0 5 0 49 50 95 46 49 2*95 0 1 95 70 50 95 93 0 50 91 2*0 4*95 39 50 37
MawC_Maw11C_09 18*0 100 2*0 3*100 17*0 100 5*0 100 0 100 2*0 100 0 3*100 0 100 0 100 7*0 100 99 17*0
Aus_AusII_06 4*0 12 0 91 0 22 19 50 1 8 0 51 50 49 54 0 49 50 3*0 22 4 1 50 25 22 2*100 50 1 15 1 50 91 2*50 5 0 100 22 1 55 3 0 22 0 50 6 0 50 3*0 52 0 100 0 51 50 1 54 51 1 4*0 27 50 0 2 0 50 5 7*0 50 0
Biz_Biz_24 4*78 71 78 27 78 66 67 50 78 74 78 2*50 2*48 0 2*50 3*0 66 76 78 50 64 66 2*22 50 78 70 78 50 27 2*50 76 0 22 66 78 47 77 0 66 0 50 75 0 50 3*0 49 0 22 0 49 50 78 48 49 2*78 0 1 78 63 50 78 77 0 50 75 2*0 4*78 32 50 31
Ger_Nar_08 4*99 87 99 10 99 78 81 50 99 91 99 49 50 48 46 0 2*50 3*0 78 95 98 50 75 77 2*1 50 98 85 98 50 9 2*50 95 0 1 78 98 45 97 0 78 0 50 94 0 50 3*0 48 0 1 0 49 50 98 46 49 2*99 0 1 99 72 50 99 97 0 50 95 2*0 4*99 41 50 39
Aus_Gri_06 4*45 46 45 54 45 2*47 50 45 46 45 2*50 49 50 0 2*50 3*0 47 46 45 50 48 47 2*55 50 45 47 45 50 54 2*50 46 0 55 47 45 50 46 0 47 0 50 46 0 50 3*0 50 0 55 0 2*50 45 2*50 2*45 2*0 45 48 50 45 46 0 50 46 2*0 4*45 19 50 18
Biz_Biz_21 4*97 86 97 11 97 77 80 50 97 90 97 49 50 48 46 0 2*50 3*0 77 93 97 50 74 77 2*3 50 97 84 97 50 11 2*50 93 0 3 77 97 46 95 0 77 0 50 92 0 50 3*0 48 0 3 0 49 50 97 46 49 2*97 0 1 97 71 50 97 95 0 50 93 2*0 4*97 40 50 38
MawC_Maw11C_10 18*0 100 2*0 3*100 17*0 100 5*0 100 0 100 2*0 100 0 3*100 0 100 0 100 7*0 100 99 17*0
Man_Man_05 4*78 72 78 27 78 66 68 50 78 74 78 2*50 2*48 0 2*50 3*0 66 76 78 50 64 66 2*22 50 78 70 78 50 27 2*50 76 0 22 66 78 47 77 0 66 0 50 75 0 50 3*0 49 0 22 0 49 50 78 48 49 2*78 0 1 78 63 50 78 77 0 50 76 2*0 4*78 32 50 31
MawC_Maw11C_01 18*0 99 2*0 100 99 100 17*0 100 5*0 100 0 99 2*0 99 0 100 2*99 0 100 0 99 7*0 2*99 17*0
Aus_Gri_09 10*50 49 5*50 48 50 0 49 50 3*0 3*50 49 8*50 49 50 49 2*50 0 5*50 0 50 0 49 50 0 49 3*0 50 0 50 0 7*50 0 1 2*50 49 2*50 0 49 50 2*0 4*50 21 49 20
Man_Man_28 4*94 84 94 13 94 75 78 50 94 87 94 49 50 48 47 0 2*50 3*0 75 91 94 50 72 75 2*6 50 94 81 94 50 13 2*50 91 0 6 75 94 46 92 0 75 0 50 90 0 50 3*0 48 0 6 0 49 50 94 46 49 2*94 0 1 94 70 50 94 92 0 50 90 2*0 4*94 39 50 37
MawC_Maw11C_02 18*0 99 2*0 100 99 100 17*0 100 5*0 100 0 99 2*0 99 0 100 2*99 0 100 0 99 7*0 2*99 17*0
Man_Man_11 16*50 48 50 0 49 50 3*0 14*50 49 2*50 0 5*50 0 50 0 49 50 0 50 3*0 50 0 50 0 7*50 0 1 5*50 0 2*50 2*0 4*50 21 50 20
MawC_Maw22C_10 18*0 100 2*0 3*100 17*0 100 5*0 100 0 100 2*0 100 0 3*100 0 100 0 100 7*0 100 99 17*0
MawC_Maw11C_07 18*0 99 2*0 100 99 100 17*0 100 5*0 100 0 99 2*0 99 0 100 2*99 0 100 0 99 7*0 2*99 17*0
MawC_Maw22C_03 18*0 99 2*0 100 99 100 17*0 100 5*0 100 0 99 2*0 99 0 100 2*99 0 100 0 99 7*0 2*99 17*0
Maw_Maw15_27b 6*48 52 48 2*49 50 3*48 2*50 49 50 0 2*50 3*0 49 2*48 50 2*49 2*52 50 48 49 48 50 52 2*50 48 0 52 49 48 50 48 0 49 0 50 48 0 50 3*0 50 0 52 0 2*50 48 2*50 2*48 0 1 48 49 50 2*48 0 50 48 2*0 4*48 20 50 19
MawC_Maw22C_P11 18*0 100 2*0 3*100 17*0 100 5*0 100 0 100 2*0 100 0 3*100 0 100 0 100 7*0 100 99 17*0
Maw_Maw22_08 4*0 12 0 91 0 22 19 50 1 8 0 51 50 49 54 0 49 50 3*0 22 4 1 50 25 22 2*100 50 1 15 1 50 91 2*50 5 0 100 22 1 55 3 0 22 0 50 6 0 50 3*0 52 0 100 0 51 50 1 54 51 1 4*0 27 50 0 2 0 50 5 7*0 50 0
MawC_Maw22C_12 18*0 99 2*0 100 99 100 17*0 100 5*0 100 0 99 2*0 99 0 100 2*99 0 100 0 99 7*0 2*99 17*0
Maw_Maw15_77 6*49 51 3*49 50 3*49 2*50 48 50 0 2*50 3*0 3*49 2*50 49 2*51 50 3*49 50 51 2*50 49 0 51 2*49 50 49 0 49 0 50 49 0 50 3*0 50 0 51 0 2*50 49 2*50 2*49 0 1 49 2*50 2*49 0 50 49 2*0 4*49 20 50 19
Biz_Biz_13 16*50 48 50 0 2*50 3*0 17*50 0 5*50 0 50 0 2*50 0 50 3*0 50 0 50 0 7*50 0 1 5*50 0 2*50 2*0 4*50 20 50 20
Ger_Nar_09 4*99 87 99 10 99 78 81 50 98 91 99 49 50 48 46 0 2*50 3*0 78 95 98 50 75 77 2*1 50 98 85 98 50 9 2*50 95 0 1 78 98 45 97 0 78 0 50 94 0 50 3*0 48 0 1 0 49 50 98 46 49 98 99 0 1 99 72 50 99 97 0 50 94 2*0 4*99 41 50 39
Biz_Biz_22 4*46 47 46 53 46 48 47 50 46 47 46 2*50 49 50 0 2*50 3*0 48 2*46 50 2*48 2*54 50 46 47 46 50 53 2*50 46 0 54 48 46 50 46 0 48 0 50 46 0 50 3*0 50 0 54 0 2*50 46 2*50 2*46 0 1 46 48 50 2*46 0 50 46 2*0 4*46 19 50 18
Maw_Maw15_P1 6*49 51 3*49 50 3*49 2*50 48 50 0 2*50 3*0 3*49 2*50 49 2*51 50 3*49 50 51 2*50 49 0 51 2*49 50 49 0 49 0 50 49 0 50 3*0 50 0 51 0 2*50 49 2*50 2*49 0 1 49 2*50 2*49 0 50 49 2*0 4*49 20 50 19
Ger_Nar_06 4*99 88 99 9 99 78 81 50 99 91 99 49 50 48 46 0 2*50 3*0 78 95 99 50 75 78 2*1 50 98 85 98 50 9 2*50 95 0 1 78 99 45 97 0 78 0 50 94 0 50 3*0 48 0 1 0 49 50 98 46 49 2*99 0 1 99 72 50 99 97 0 50 95 2*0 4*99 41 50 39
Zar_Zar_05 4*100 88 100 9 100 78 81 50 99 92 100 49 50 48 46 0 2*50 3*0 78 95 99 50 75 78 2*0 50 99 85 99 50 9 49 50 95 2*0 78 99 45 97 0 78 0 50 94 0 50 3*0 48 3*0 49 50 99 46 49 99 100 0 1 100 72 50 100 98 0 50 95 2*0 4*100 41 50 39
MawC_Maw22C_14 18*0 99 2*0 100 99 100 17*0 100 5*0 100 0 99 2*0 99 0 100 2*99 0 100 0 99 7*0 2*99 17*0
MawC_Maw22C_15 6*1 0 11*1 99 2*1 3*99 6*1 2*0 5*1 0 3*1 99 0 4*1 99 1 99 2*1 99 1 3*99 1 99 0 99 7*1 99 98 5*1 0 2*1 2*0 4*1 0 1 0
Zar_Zar_08 4*100 88 100 9 100 78 81 50 99 92 100 49 50 48 46 0 2*50 3*0 78 95 99 50 75 78 2*0 50 99 85 99 50 9 49 50 95 2*0 78 99 45 97 0 78 0 50 94 0 50 3*0 48 3*0 49 50 99 46 49 99 100 0 1 100 72 50 100 98 0 50 95 2*0 4*100 41 50 39
Man_Man_44 4*72 67 72 31 72 63 64 50 72 69 72 2*50 2*48 0 2*50 3*0 63 70 72 50 61 63 2*27 50 72 66 72 50 31 2*50 70 0 27 63 72 48 71 0 63 0 50 70 0 50 3*0 49 0 27 0 2*50 72 48 50 2*72 0 1 72 60 50 72 71 0 50 70 2*0 4*72 30 50 28
Man_Man_06 16*50 48 50 0 49 50 3*0 17*50 0 5*50 0 50 0 49 50 0 50 3*0 50 0 50 0 7*50 0 1 5*50 0 2*50 2*0 4*50 21 50 20
Ger_Nar_01 4*100 88 100 9 100 78 81 50 99 92 100 49 50 48 46 0 2*50 3*0 78 95 99 50 75 78 2*0 50 99 85 99 50 9 2*50 95 2*0 78 99 45 97 0 78 0 50 94 0 50 3*0 48 3*0 49 50 99 46 49 99 100 0 1 100 72 50 99 97 0 50 95 2*0 4*100 41 50 39
Biz_Biz_01 4*98 86 98 11 98 77 80 50 97 90 98 49 50 48 46 0 2*50 3*0 77 93 97 50 74 77 2*2 50 97 84 97 50 11 2*50 93 0 2 77 97 46 95 0 77 0 50 92 0 50 3*0 48 0 2 0 49 50 97 46 49 97 98 0 1 98 71 50 97 95 0 50 93 2*0 4*98 40 50 38
Wey_Wey_01 16*0 3 58*0 100 2*0 2*100 4*0 59 0 61
Ger_Ger_02 16*50 48 50 0 49 50 3*0 14*50 49 2*50 0 5*50 0 50 0 49 50 0 50 3*0 50 0 50 0 7*50 0 1 5*50 0 2*50 2*0 4*50 21 50 20
Man_Man_04 4*95 84 95 13 95 76 78 50 95 88 95 49 50 48 46 0 2*50 3*0 76 91 95 50 73 75 2*5 50 95 82 95 50 13 2*50 91 0 5 75 95 46 93 0 76 0 50 90 0 50 3*0 48 0 5 0 49 50 94 46 49 2*95 0 1 95 70 50 95 93 0 50 91 2*0 4*95 39 50 37
Wey_Wey_04 16*0 3 58*0 100 2*0 2*100 4*0 59 0 61
Wey_Wey_05 16*0 3 58*0 100 2*0 2*100 4*0 59 0 61
Zar_Zar_03 4*100 88 100 9 100 78 81 50 99 92 100 49 50 48 46 0 2*50 3*0 78 95 99 50 75 78 2*0 50 99 85 99 50 9 49 50 95 2*0 78 99 45 97 0 78 0 50 94 0 50 3*0 48 3*0 49 50 99 46 49 99 100 0 1 100 72 50 100 98 0 50 95 2*0 4*100 41 50 39
Zar_Zar_07 4*100 88 100 9 100 78 81 50 99 92 100 49 50 48 46 0 2*50 3*0 78 95 99 50 75 78 2*0 50 99 85 99 50 9 49 50 95 2*0 78 99 45 97 0 78 0 49 94 0 50 3*0 48 3*0 49 50 99 46 49 99 100 0 1 100 72 50 100 98 0 50 95 2*0 4*100 41 50 39
Zar_Zar_02 4*100 88 100 9 100 78 81 50 99 92 100 49 50 48 46 0 2*50 3*0 78 95 99 50 75 78 2*0 50 99 85 99 50 9 49 50 95 2*0 78 99 45 97 0 78 0 50 94 0 50 3*0 48 3*0 49 50 99 46 49 99 100 0 1 100 72 50 100 98 0 50 95 2*0 4*100 41 50 39
Zar_Zar_04 4*100 88 100 9 100 78 81 50 99 92 100 49 50 48 46 0 2*50 3*0 78 95 99 50 75 78 2*0 50 99 85 99 50 9 49 50 95 2*0 78 99 45 97 0 78 0 50 94 0 50 3*0 48 3*0 49 50 99 46 49 99 100 0 1 100 72 50 100 98 0 50 95 2*0 4*100 41 50 39
Wey_Wey_03 4*41 36 41 4 41 32 33 21 41 38 41 20 2*21 19 0 2*21 3*0 32 39 41 21 31 32 2*0 21 41 35 41 21 4 2*21 39 2*0 32 41 19 40 0 32 0 21 39 0 21 3*0 20 3*0 2*20 41 19 20 2*41 2*0 41 30 21 41 40 59 21 39 2*59 4*41 52 21 52
Maw_Maw15_75 16*50 48 50 0 49 50 3*0 14*50 49 2*50 0 5*50 0 50 0 49 50 0 50 3*0 50 0 50 0 7*50 0 1 5*50 0 2*50 2*0 4*50 21 50 20
Wey_Wey_02 4*39 35 39 3 39 31 32 20 39 36 39 19 20 21 18 0 2*20 3*0 31 37 39 20 29 31 2*0 20 39 34 39 20 3 2*20 37 2*0 31 39 18 38 0 31 0 20 37 0 20 3*0 19 3*0 19 20 39 18 19 2*39 2*0 39 28 20 39 38 61 20 37 2*61 4*39 52 20 52
