-----------------------------------------------------------------
PopCluster, Version 1.4.0.0, Build 20240115, Expire Date 20270115
              Copyright (C) 2017-2024 Jinliang Wang
        Institute of Zoology, Zoological Society of London
                  Email: jinliang.wang@ioz.ac.uk
-----------------------------------------------------------------


------------------------------
Running parameters and options
------------------------------

Command line arguments:
  C:\ZSL\PopCluster1\PopClusterWin INP:C:\ZSL\PopCluster1\Results\Pcalcareum_ramets\Pcalcareum_ramets.PcPjt MPI:1 OMP:2

Run parameters:
  Number of individuals = 87
  Mean number alleles/locus = 2.00
  Minimum number alleles/locus = 2
  Maximum number alleles/locus = 2
  Number monomorphic loci = 0
  Number polymorphic loci = 15328
  Number all loci = 15328
  Number of assumed populations (K:1-8) = 7
  Random number seed = 123
  Replicate run (out of 10) = 1
  Number of MPI parallel processes used = 4
  Number of openMP threads per MPI process = 2
  Missing value = -9
  LocusAdmixQ = 0
  Parameter file = C:\ZSL\PopCluster1\Results\Pcalcareum_ramets\Pcalcareum_ramets.PcPjt
  Genotype file = C:\ZSL\PopCluster1\Results\Pcalcareum_ramets\Pcalcareum_ramets.dat
  PopDataQ = 0
  PopFlagQ = 0
  OutAlleleFre = 0
  Model = 2
  Scaling = 2
  AllSNP = 1
  UseKMeans = 0
  LocusFst = 0
  DataForm = 0
  Search method = AssignProb
  Allele frequency prior = Equal
    (Frequency prior reset from 2 to 1 due to Scaling > 0)


---------------------------------------
Summary of analyses of Run = 1 at K = 7
---------------------------------------
Run      WeekDay   Date(D/M/Y) Time(S/M/H)
Started  Tuesday   09/09/2025  07/24/08
Finished Tuesday   09/09/2025  27/34/10

Clustering analysis:
  LogL, NumIter = -2.4584804068E+05, 346476
  TimeTaken(WallClock second) = 276

Admixture analysis:
  Tol, NumIter = 6.8979152960E-08, 37
  TimeTaken(WallClock second) = 8


----------------------------
Distribution of missing data
----------------------------
  #MissGtype       #Loci
           0       15328

A genotype with both alleles missing is counted
  as a missing genotype (MissGtype)
A monomorphic locus is counted as having 87 MissGtype


---------------------------
Clustering analysis results
---------------------------
Estimated cluster of individuals 1~87
           Label  #Hom  #Het #Mis       F ML_C
      Zar_Zar_10 12221  3107    0  0.0284    1
      Zar_Zar_06 12279  3049    0  0.0384    1
      Zar_Zar_11 12343  2985    0  0.0410    1
      Zar_Zar_12 12415  2913    0  0.0596    1
      Aus_Gri_15 11544  3784    0 -0.0486    1
      Aus_Gri_12 12180  3148    0  0.0324    1
    Maw_Maw22_04 11238  4090    0  0.0052    6
      Man_Man_08 12253  3075    0  0.0349    1
      Biz_Biz_06 11281  4047    0 -0.0863    3
      Man_Man_24 11359  3969    0 -0.0692    3
      Ger_Ger_01 10273  5055    0 -0.1932    3
      Ger_Nar_07 11440  3888    0 -0.0832    5
      Aus_Gri_13 11778  3550    0 -0.0261    1
      Zar_Zar_01 12497  2831    0  0.0744    1
    Maw_Maw15_84 10367  4961    0 -0.1894    3
      Aus_Gri_11 10422  4906    0 -0.1681    3
      Man_Man_07 11237  4091    0 -0.0686    3
      Aus_Gri_14 10364  4964    0 -0.1811    3
  MawC_Maw22C_06  5043 10285    0 -0.5336    2
      Biz_Biz_12 11406  3922    0 -0.0327    3
      Ger_Ger_05 10441  4887    0 -0.1737    3
  MawC_Maw11C_04  6555  8773    0 -0.1679    7
  MawC_Maw22C_16  5153 10175    0 -0.5089    2
  MawC_Maw11C_06  5862  9466    0 -0.3466    2
      Man_Man_10 11202  4126    0 -0.0783    3
      Man_Man_03 11762  3566    0 -0.0241    1
      Ger_Nar_02 11417  3911    0 -0.0847    5
      Ger_Nar_05 10439  4889    0 -0.1788    3
      Ger_Nar_10 11186  4142    0 -0.0856    3
      Biz_Biz_20 11713  3615    0 -0.0173    3
    Aus_AusII_03 10649  4679    0 -0.0793    6
      Aus_Gri_01 10669  4659    0 -0.0758    6
      Ger_Ger_06 10356  4972    0 -0.1867    3
      Ger_Nar_04 11400  3928    0 -0.0865    5
      Biz_Biz_19 11501  3827    0 -0.0622    3
      Ger_Nar_03 11409  3919    0 -0.0855    5
    Maw_Maw15_82 10422  4906    0 -0.1751    3
    Maw_Maw22_07 11196  4132    0  0.0002    6
      Biz_Biz_23 11446  3882    0 -0.0356    3
      Ger_Ger_04 10313  5015    0 -0.1926    3
      Man_Man_21 11845  3483    0 -0.0095    1
  MawC_Maw11C_09  5348  9980    0 -0.4848    2
    Aus_AusII_06 10670  4658    0 -0.0778    6
      Biz_Biz_24 11469  3859    0 -0.0539    3
      Ger_Nar_08 11418  3910    0 -0.0849    5
      Aus_Gri_06 10379  4949    0 -0.1734    3
      Biz_Biz_21 11636  3692    0 -0.0412    1
  MawC_Maw11C_10  5270 10058    0 -0.4916    2
      Man_Man_05 11035  4293    0 -0.1186    3
  MawC_Maw11C_01  6302  9026    0 -0.2184    2
      Aus_Gri_09 11276  4052    0 -0.0647    3
      Man_Man_28 12086  3242    0  0.0138    1
  MawC_Maw11C_02  5573  9755    0 -0.4118    2
      Man_Man_11 10354  4974    0 -0.1833    3
  MawC_Maw22C_10  5113 10215    0 -0.5241    2
  MawC_Maw11C_07  5335  9993    0 -0.4620    2
  MawC_Maw22C_03  5148 10180    0 -0.5090    2
   Maw_Maw15_27b 10406  4922    0 -0.1776    3
 MawC_Maw22C_P11  5104 10224    0 -0.5239    2
    Maw_Maw22_08 10814  4514    0 -0.0441    6
  MawC_Maw22C_12  5119 10209    0 -0.5139    2
    Maw_Maw15_77 10397  4931    0 -0.1867    3
      Biz_Biz_13 10458  4870    0 -0.1669    3
      Ger_Nar_09 11435  3893    0 -0.0832    5
      Biz_Biz_22 10340  4988    0 -0.1842    3
    Maw_Maw15_P1 10545  4783    0 -0.1657    3
      Ger_Nar_06 11406  3922    0 -0.0865    5
      Zar_Zar_05 12391  2937    0  0.0514    1
  MawC_Maw22C_14  5081 10247    0 -0.5200    2
  MawC_Maw22C_15  5251 10077    0 -0.4785    2
      Zar_Zar_08 12363  2965    0  0.0476    1
      Man_Man_44 11467  3861    0 -0.0351    3
      Man_Man_06 10286  5042    0 -0.1873    3
      Ger_Nar_01 11582  3746    0 -0.0645    5
      Biz_Biz_01 11664  3664    0 -0.0389    1
      Wey_Wey_01 10997  4331    0 -0.0523    4
      Ger_Ger_02 10392  4936    0 -0.1803    3
      Man_Man_04 12025  3303    0  0.0178    1
      Wey_Wey_04 11215  4113    0 -0.0131    4
      Wey_Wey_05 11029  4299    0 -0.0480    4
      Zar_Zar_03 12133  3195    0  0.0087    1
      Zar_Zar_07 12233  3095    0  0.0409    1
      Zar_Zar_02 12317  3011    0  0.0473    1
      Zar_Zar_04 12342  2986    0  0.0423    1
      Wey_Wey_03 11127  4201    0 -0.0673    4
    Maw_Maw15_75 10341  4987    0 -0.1847    3
      Wey_Wey_02 11150  4178    0 -0.0667    4

Column note
  1-Individual Label (Label)
  2-Number Homozygotes (#Hom)
  3-Number Heterozygotes (#Het)
  4-Number (partial) Missing Genotypes (#Mis)
  5-Individual Inbreeding (F)
  6-ML ClusterID (ML_C)

%individuals with F < -1/(#individuals) = 0.7701


----------------------------------------
Inferred clusters: F-Statistics analysis
----------------------------------------
Cluster #Members     Fst     Fis     Fit
      1       21  0.4110 -0.2439  0.2674
      2       14 -0.1943 -0.9048 -1.2748
      3       32  0.2275 -0.3411 -0.0360
      4        5  0.3473 -0.4735  0.0383
      5        8  0.5355 -0.9064  0.1145
      6        6  0.3824 -0.6423 -0.0143
      7        1  1.0000  0.0000  1.0000


--------------------------------
Inferred Fst between populations
--------------------------------
    Pop#    Pop1    Pop2    Pop3    Pop4    Pop5    Pop6    Pop7
    Pop1  0.4563
    Pop2  0.4012 -0.1017
    Pop3  0.1581  0.3470  0.2971
    Pop4  0.2308  0.3383  0.2586  0.3378
    Pop5  0.2032  0.4061  0.1893  0.3045  0.4669
    Pop6  0.3477  0.3708  0.1414  0.3795  0.3194  0.3643
    Pop7  0.2365  0.2653  0.2482  0.2651  0.2974  0.3431  0.0658

NOTE: Fst(i,i) is Fst for pop i from all populations (including i)
      Fst(i,j) (i<j) is Fst between populations i and j


------------------
Admixture analysis
------------------
Inferred ancestry of individuals 1~87 (%Miss includes monomorphic loci)
Index Order           Label %Miss Cluster : Inferred ancestry in clusters 1~7
    1     8      Zar_Zar_10   0.0       1 : 1.000 0.000 0.000 0.000 0.000 0.000 0.000
    2     6      Zar_Zar_06   0.0       1 : 1.000 0.000 0.000 0.000 0.000 0.000 0.000
    3     3      Zar_Zar_11   0.0       1 : 1.000 0.000 0.000 0.000 0.000 0.000 0.000
    4     4      Zar_Zar_12   0.0       1 : 1.000 0.000 0.000 0.000 0.000 0.000 0.000
    5    21      Aus_Gri_15   0.0       1 : 0.690 0.000 0.285 0.000 0.016 0.009 0.000
    6    13      Aus_Gri_12   0.0       1 : 0.994 0.000 0.000 0.000 0.006 0.000 0.000
    7    86    Maw_Maw22_04   0.0       6 : 0.002 0.000 0.001 0.000 0.046 0.951 0.000
    8    12      Man_Man_08   0.0       1 : 0.999 0.000 0.000 0.000 0.001 0.000 0.000
    9    48      Biz_Biz_06   0.0       3 : 0.397 0.000 0.508 0.000 0.084 0.011 0.000
   10    65      Man_Man_24   0.0       3 : 0.258 0.017 0.259 0.112 0.143 0.115 0.096
   11    61      Ger_Ger_01   0.0       3 : 0.245 0.000 0.344 0.001 0.064 0.343 0.003
   12    76      Ger_Nar_07   0.0       5 : 0.000 0.000 0.000 0.000 1.000 0.000 0.000
   13    19      Aus_Gri_13   0.0       1 : 0.777 0.000 0.120 0.000 0.053 0.050 0.000
   14     7      Zar_Zar_01   0.0       1 : 1.000 0.000 0.000 0.000 0.000 0.000 0.000
   15    44    Maw_Maw15_84   0.0       3 : 0.001 0.000 0.985 0.000 0.010 0.004 0.000
   16    47      Aus_Gri_11   0.0       3 : 0.224 0.000 0.547 0.000 0.004 0.225 0.000
   17    54      Man_Man_07   0.0       3 : 0.385 0.001 0.387 0.001 0.053 0.159 0.014
   18    40      Aus_Gri_14   0.0       3 : 0.001 0.000 0.995 0.000 0.001 0.003 0.000
   19    26  MawC_Maw22C_06   0.0       2 : 0.000 1.000 0.000 0.000 0.000 0.000 0.000
   20    52      Biz_Biz_12   0.0       3 : 0.396 0.001 0.396 0.001 0.017 0.188 0.001
   21    41      Ger_Ger_05   0.0       3 : 0.002 0.000 0.995 0.000 0.001 0.002 0.000
   22    87  MawC_Maw11C_04   0.0       7 : 0.122 0.178 0.118 0.134 0.129 0.132 0.187
   23    23  MawC_Maw22C_16   0.0       2 : 0.000 1.000 0.000 0.000 0.000 0.000 0.000
   24    29  MawC_Maw11C_06   0.0       2 : 0.000 1.000 0.000 0.000 0.000 0.000 0.000
   25    66      Man_Man_10   0.0       3 : 0.257 0.019 0.258 0.119 0.130 0.119 0.098
   26    16      Man_Man_03   0.0       1 : 0.935 0.000 0.013 0.000 0.001 0.051 0.000
   27    80      Ger_Nar_02   0.0       5 : 0.000 0.000 0.000 0.000 1.000 0.000 0.000
   28    49      Ger_Nar_05   0.0       3 : 0.293 0.000 0.431 0.000 0.003 0.273 0.000
   29    64      Ger_Nar_10   0.0       3 : 0.319 0.001 0.322 0.069 0.136 0.103 0.050
   30    58      Biz_Biz_20   0.0       3 : 0.359 0.001 0.360 0.052 0.109 0.078 0.041
   31    82    Aus_AusII_03   0.0       6 : 0.000 0.000 0.000 0.000 0.000 1.000 0.000
   32    84      Aus_Gri_01   0.0       6 : 0.000 0.000 0.000 0.000 0.000 1.000 0.000
   33    37      Ger_Ger_06   0.0       3 : 0.001 0.000 0.996 0.000 0.001 0.002 0.000
   34    79      Ger_Nar_04   0.0       5 : 0.000 0.000 0.000 0.000 1.000 0.000 0.000
   35    67      Biz_Biz_19   0.0       3 : 0.235 0.032 0.235 0.125 0.146 0.118 0.109
   36    75      Ger_Nar_03   0.0       5 : 0.000 0.000 0.000 0.000 1.000 0.000 0.000
   37    55    Maw_Maw15_82   0.0       3 : 0.151 0.000 0.375 0.018 0.054 0.375 0.027
   38    85    Maw_Maw22_07   0.0       6 : 0.001 0.000 0.001 0.000 0.047 0.951 0.000
   39    45      Biz_Biz_23   0.0       3 : 0.326 0.000 0.586 0.000 0.015 0.073 0.000
   40    38      Ger_Ger_04   0.0       3 : 0.001 0.000 0.996 0.000 0.001 0.002 0.000
   41    15      Man_Man_21   0.0       1 : 0.938 0.000 0.011 0.000 0.001 0.050 0.000
   42    28  MawC_Maw11C_09   0.0       2 : 0.000 1.000 0.000 0.000 0.000 0.000 0.000
   43    81    Aus_AusII_06   0.0       6 : 0.000 0.000 0.000 0.000 0.000 1.000 0.000
   44    56      Biz_Biz_24   0.0       3 : 0.372 0.001 0.372 0.048 0.101 0.070 0.036
   45    74      Ger_Nar_08   0.0       5 : 0.000 0.000 0.000 0.000 1.000 0.000 0.000
   46    39      Aus_Gri_06   0.0       3 : 0.000 0.000 0.995 0.000 0.001 0.004 0.000
   47    18      Biz_Biz_21   0.0       1 : 0.809 0.000 0.143 0.000 0.047 0.001 0.000
   48    22  MawC_Maw11C_10   0.0       2 : 0.000 1.000 0.000 0.000 0.000 0.000 0.000
   49    63      Man_Man_05   0.0       3 : 0.329 0.001 0.329 0.070 0.139 0.083 0.049
   50    30  MawC_Maw11C_01   0.0       2 : 0.000 1.000 0.000 0.000 0.000 0.000 0.000
   51    53      Aus_Gri_09   0.0       1 : 0.392 0.001 0.392 0.001 0.029 0.184 0.001
   52    20      Man_Man_28   0.0       1 : 0.750 0.000 0.100 0.000 0.114 0.036 0.000
   53    32  MawC_Maw11C_02   0.0       2 : 0.000 1.000 0.000 0.000 0.000 0.000 0.000
   54    50      Man_Man_11   0.0       3 : 0.240 0.000 0.426 0.000 0.055 0.279 0.000
   55    27  MawC_Maw22C_10   0.0       2 : 0.000 1.000 0.000 0.000 0.000 0.000 0.000
   56    34  MawC_Maw11C_07   0.0       2 : 0.000 0.998 0.000 0.001 0.000 0.000 0.001
   57    33  MawC_Maw22C_03   0.0       2 : 0.000 0.998 0.000 0.001 0.000 0.000 0.001
   58    57   Maw_Maw15_27b   0.0       6 : 0.253 0.000 0.368 0.001 0.008 0.369 0.001
   59    24 MawC_Maw22C_P11   0.0       2 : 0.000 1.000 0.000 0.000 0.000 0.000 0.000
   60    83    Maw_Maw22_08   0.0       6 : 0.000 0.000 0.000 0.000 0.000 1.000 0.000
   61    31  MawC_Maw22C_12   0.0       2 : 0.000 1.000 0.000 0.000 0.000 0.000 0.000
   62    43    Maw_Maw15_77   0.0       3 : 0.001 0.000 0.986 0.000 0.009 0.004 0.000
   63    51      Biz_Biz_13   0.0       3 : 0.261 0.000 0.407 0.000 0.021 0.311 0.000
   64    78      Ger_Nar_09   0.0       5 : 0.000 0.000 0.000 0.000 1.000 0.000 0.000
   65    36      Biz_Biz_22   0.0       3 : 0.000 0.000 0.996 0.000 0.001 0.003 0.000
   66    42    Maw_Maw15_P1   0.0       3 : 0.001 0.000 0.986 0.000 0.008 0.005 0.000
   67    73      Ger_Nar_06   0.0       5 : 0.000 0.000 0.000 0.000 1.000 0.000 0.000
   68     2      Zar_Zar_05   0.0       1 : 1.000 0.000 0.000 0.000 0.000 0.000 0.000
   69    25  MawC_Maw22C_14   0.0       2 : 0.000 1.000 0.000 0.000 0.000 0.000 0.000
   70    35  MawC_Maw22C_15   0.0       2 : 0.016 0.981 0.000 0.000 0.002 0.000 0.001
   71     1      Zar_Zar_08   0.0       1 : 1.000 0.000 0.000 0.000 0.000 0.000 0.000
   72    59      Man_Man_44   0.0       3 : 0.352 0.001 0.353 0.045 0.099 0.115 0.035
   73    46      Man_Man_06   0.0       3 : 0.188 0.000 0.549 0.000 0.042 0.220 0.001
   74    77      Ger_Nar_01   0.0       5 : 0.000 0.000 0.000 0.000 1.000 0.000 0.000
   75    17      Biz_Biz_01   0.0       1 : 0.810 0.000 0.141 0.000 0.048 0.001 0.000
   76    70      Wey_Wey_01   0.0       4 : 0.000 0.000 0.000 1.000 0.000 0.000 0.000
   77    60      Ger_Ger_02   0.0       3 : 0.278 0.000 0.349 0.001 0.023 0.348 0.001
   78    14      Man_Man_04   0.0       1 : 0.939 0.000 0.010 0.000 0.000 0.051 0.000
   79    68      Wey_Wey_04   0.0       4 : 0.000 0.000 0.000 1.000 0.000 0.000 0.000
   80    69      Wey_Wey_05   0.0       4 : 0.000 0.000 0.000 1.000 0.000 0.000 0.000
   81     9      Zar_Zar_03   0.0       1 : 1.000 0.000 0.000 0.000 0.000 0.000 0.000
   82    10      Zar_Zar_07   0.0       1 : 0.999 0.000 0.000 0.000 0.001 0.000 0.000
   83    11      Zar_Zar_02   0.0       1 : 0.999 0.000 0.000 0.000 0.001 0.000 0.000
   84     5      Zar_Zar_04   0.0       1 : 1.000 0.000 0.000 0.000 0.000 0.000 0.000
   85    72      Wey_Wey_03   0.0       4 : 0.162 0.001 0.001 0.423 0.002 0.001 0.410
   86    62    Maw_Maw15_75   0.0       3 : 0.300 0.000 0.342 0.001 0.014 0.342 0.001
   87    71      Wey_Wey_02   0.0       4 : 0.117 0.001 0.001 0.442 0.002 0.001 0.436


----------------------------------------------------------
Pairwise co-assignment probability from admixture analysis
----------------------------------------------------------
Inferred co-assignment probability between an individual in a row (i) and an individual in a column (j)
  Individuals in both row i and column j are ordered as in the genotype data. Values are c(i,j)*100
Zar_Zar_10 4*100 69 99 0 100 40 26 25 0 78 100 0 22 38 2*0 40 0 12 2*0 26 93 0 29 32 36 4*0 23 0 15 0 33 0 94 2*0 37 2*0 81 0 33 0 39 75 0 24 3*0 25 4*0 26 4*0 100 0 2 100 35 19 0 81 0 28 94 2*0 4*100 16 30 12
Zar_Zar_06 4*100 69 99 0 100 40 26 25 0 78 100 0 22 38 2*0 40 0 12 2*0 26 93 0 29 32 36 4*0 23 0 15 0 33 0 94 2*0 37 2*0 81 0 33 0 39 75 0 24 3*0 25 4*0 26 4*0 100 0 2 100 35 19 0 81 0 28 94 2*0 4*100 16 30 12
Zar_Zar_11 4*100 69 99 0 100 40 26 25 0 78 100 0 22 39 2*0 40 0 12 2*0 26 93 0 29 32 36 4*0 23 0 15 0 33 0 94 2*0 37 2*0 81 0 33 0 39 75 0 24 3*0 25 4*0 26 4*0 100 0 2 100 35 19 0 81 0 28 94 2*0 4*100 16 30 12
Zar_Zar_12 4*100 69 99 0 100 40 26 25 0 78 100 0 22 38 2*0 40 0 12 2*0 26 93 0 29 32 36 4*0 23 0 15 0 33 0 94 2*0 37 2*0 81 0 33 0 39 75 0 24 3*0 25 4*0 26 4*0 100 0 2 100 35 19 0 81 0 28 94 2*0 4*100 16 30 12
Aus_Gri_15 4*69 56 69 1 69 42 25 27 2 57 69 28 31 38 28 0 39 28 12 2*0 25 65 2 33 32 35 2*1 28 2 23 2 22 1 39 28 65 0 1 37 2 28 60 0 32 0 38 55 0 29 3*0 28 0 1 0 28 30 2 2*28 2 69 0 1 69 35 29 2 60 0 29 65 2*0 4*69 11 31 8
Aus_Gri_12 4*99 69 99 0 99 40 26 24 1 77 99 0 22 38 2*0 39 0 12 2*0 26 93 1 29 32 36 3*0 1 23 1 15 0 32 0 93 2*0 37 1 0 80 0 33 0 39 75 0 24 3*0 25 4*0 26 1 2*0 1 99 0 2 99 35 19 1 81 0 28 93 2*0 4*99 16 30 12
Maw_Maw22_04 4*0 1 0 91 0 2 12 33 2*5 2*0 21 15 2*0 18 0 13 2*0 12 2*5 26 10 8 2*95 0 5 12 5 36 91 7 0 5 0 95 7 5 3*0 9 0 18 4 0 27 3*0 35 0 95 2*0 30 5 2*0 5 4*0 11 21 5 2*0 33 5 7*0 33 0
Man_Man_08 4*100 69 99 0 100 40 26 24 0 78 100 0 22 38 2*0 40 0 12 2*0 26 93 0 29 32 36 4*0 23 0 15 0 33 0 94 2*0 37 2*0 81 0 33 0 39 75 0 24 3*0 25 4*0 26 4*0 100 0 2 100 35 19 0 81 0 28 94 2*0 4*100 16 30 12
Biz_Biz_06 4*40 42 40 2 40 42 25 28 8 37 40 50 37 36 51 0 36 51 12 2*0 25 38 8 34 30 34 2*1 51 8 23 8 26 2 43 51 38 0 1 35 8 51 40 0 31 0 2*36 0 32 3*0 29 0 1 0 50 32 8 51 50 8 40 0 1 40 33 36 8 40 0 29 38 2*0 4*40 6 30 5
Man_Man_24 4*26 25 26 12 26 25 19 20 14 24 2*26 2*23 26 2 23 26 13 2*2 19 25 14 22 21 22 2*12 26 14 18 14 19 12 25 26 25 2 12 22 14 26 25 2 21 2 23 24 2 21 3*2 20 2 12 2 26 21 14 2*26 14 26 2*2 26 2*22 14 25 11 21 25 2*11 4*26 13 21 12
Ger_Ger_01 4*25 27 24 33 24 28 20 30 6 2*25 34 32 29 34 0 30 34 12 2*0 20 25 6 31 23 25 3*34 6 19 6 30 33 31 34 25 0 34 25 6 34 25 0 23 0 30 24 0 30 3*0 32 0 34 0 34 31 6 2*34 6 25 2*0 2*25 31 6 25 0 31 25 2*0 25 2*24 25 4 31 3
Ger_Nar_07 4*0 2 1 5 0 8 14 6 100 5 0 1 0 5 2*0 2 0 13 2*0 13 0 100 0 14 11 3*0 100 15 100 2*5 1 4*0 10 100 0 5 0 14 0 3 11 0 6 3*0 1 3*0 1 2 100 0 1 100 4*0 10 4 100 5 0 2 8*0 1 0
Aus_Gri_13 4*78 57 77 5 78 37 24 25 5 62 78 12 25 36 12 0 37 2*12 2*0 24 73 5 29 30 33 2*5 12 5 22 5 18 5 33 12 73 0 5 34 5 12 65 0 31 0 36 60 0 25 3*0 26 0 5 0 12 27 5 2*12 5 78 0 1 78 33 23 5 65 0 28 73 2*0 4*78 13 29 9
Zar_Zar_01 4*100 69 99 0 100 40 26 25 0 78 100 0 22 38 2*0 40 0 12 2*0 26 93 0 29 32 36 4*0 23 0 15 0 33 0 94 2*0 37 2*0 81 0 33 0 39 75 0 24 3*0 25 4*0 26 4*0 100 0 2 100 35 19 0 81 0 28 94 2*0 4*100 16 30 12
Maw_Maw15_84 4*0 28 0 1 0 50 26 34 1 12 0 97 54 38 98 0 39 98 12 2*0 26 2*1 43 32 36 2*0 98 1 23 1 37 1 58 98 1 2*0 37 1 98 14 0 33 0 39 10 0 42 3*0 36 3*0 97 40 1 98 97 1 4*0 35 54 1 14 0 35 1 7*0 34 0
Aus_Gri_11 4*22 31 3*22 37 23 32 0 25 22 54 40 33 54 0 35 54 12 2*0 2*23 0 36 27 30 2*23 55 0 21 0 32 22 41 55 23 0 23 30 0 54 26 0 27 0 34 23 0 35 3*0 34 0 23 0 54 35 0 55 54 0 22 2*0 22 30 39 0 26 0 33 23 2*0 4*22 4 33 3
Man_Man_07 4*39 2*38 15 38 36 23 29 5 36 39 38 2*33 39 0 34 39 12 2*0 23 37 5 32 27 30 2*16 39 5 21 5 27 15 36 39 37 0 16 30 5 39 37 0 27 0 33 34 0 30 3*0 30 0 16 0 38 31 5 39 38 5 39 0 1 39 30 32 5 37 0 30 37 2*0 3*38 39 7 30 5
Aus_Gri_14 4*0 28 3*0 51 26 34 0 12 0 98 54 39 99 0 39 99 12 2*0 26 1 0 43 32 36 2*0 99 0 23 0 37 0 58 99 1 2*0 37 0 99 14 0 33 0 39 10 0 42 3*0 37 3*0 98 41 0 99 98 5*0 35 55 0 14 0 35 1 7*0 34 0
MawC_Maw22C_06 9*0 2 8*0 100 2*0 18 2*100 2 9*0 3 6*0 100 5*0 100 0 100 2*0 100 0 3*100 0 100 0 100 7*0 100 98 17*0
Biz_Biz_12 4*40 2*39 18 40 36 23 30 2 37 40 39 35 34 40 0 35 40 12 2*0 23 39 2 34 28 30 2*19 40 2 21 2 28 18 38 40 39 0 19 31 2 40 38 0 28 0 2*35 0 32 3*0 32 0 19 0 39 32 2 40 39 2 40 0 1 40 30 33 2 38 0 31 39 2*0 4*40 6 32 5
Ger_Ger_05 4*0 28 3*0 51 26 34 0 12 0 98 54 39 99 0 40 99 12 2*0 26 2 0 43 32 36 2*0 99 0 23 0 37 0 58 99 1 2*0 37 0 99 14 0 33 0 39 10 0 42 3*0 37 3*0 98 41 0 99 98 5*0 35 55 0 14 0 35 1 7*0 34 0
MawC_Maw11C_04 6*12 13 2*12 13 12 13 6*12 18 2*12 15 2*18 13 12 13 12 4*13 12 5*13 3*12 18 3*13 2*12 18 13 18 2*12 18 12 3*18 12 18 13 18 2*12 13 2*12 13 12 2*18 12 13 12 13 12 13 2*12 2*13 4*12 15 12 16
MawC_Maw22C_16 9*0 2 8*0 100 2*0 18 2*100 2 9*0 3 6*0 100 5*0 100 0 100 2*0 100 0 3*100 0 100 0 100 7*0 100 98 17*0
MawC_Maw11C_06 9*0 2 8*0 100 2*0 18 2*100 2 9*0 3 6*0 100 5*0 100 0 100 2*0 100 0 3*100 0 100 0 100 7*0 100 98 17*0
Man_Man_10 4*26 25 26 12 26 25 19 20 13 24 2*26 2*23 26 2 23 26 13 2*2 19 25 13 22 21 22 2*12 26 13 18 13 19 12 25 26 25 2 12 22 13 26 25 2 21 2 23 24 2 21 3*2 21 2 12 2 26 21 13 2*26 13 26 2*2 26 2*22 13 25 12 21 25 2*12 4*26 13 21 13
Man_Man_03 4*93 65 93 5 93 38 2*25 0 73 93 1 23 37 1 0 39 2 12 2*0 25 88 0 29 31 34 2*5 1 0 23 0 17 5 32 1 88 0 5 36 0 1 76 0 32 0 38 70 0 24 3*0 26 0 5 0 1 27 0 2*1 0 93 0 1 93 34 19 0 76 0 28 88 2*0 4*93 15 30 11
Ger_Nar_02 4*0 2 1 5 0 8 14 6 100 5 0 1 0 5 2*0 2 0 13 2*0 13 0 100 0 14 11 3*0 100 15 100 2*5 1 4*0 10 100 0 5 0 14 0 3 11 0 6 3*0 1 3*0 1 2 100 0 1 100 4*0 10 4 100 5 0 2 8*0 1 0
Ger_Nar_05 4*29 33 29 26 29 34 22 31 0 2*29 43 36 32 43 0 34 43 12 2*0 22 29 0 35 26 28 2*27 43 0 20 0 31 26 37 43 29 0 27 29 0 43 30 0 26 0 33 27 0 33 3*0 33 0 27 0 43 34 0 2*43 0 29 2*0 2*29 35 0 30 0 33 29 2*0 4*29 5 33 3
Ger_Nar_10 6*32 10 32 30 21 23 14 30 2*32 2*27 32 0 28 32 13 2*0 21 31 14 26 24 26 2*10 32 14 20 14 22 11 30 32 31 0 10 26 14 32 31 0 25 0 27 29 0 25 3*0 24 0 10 0 32 25 14 2*32 14 32 0 1 32 26 27 14 31 7 24 31 2*7 4*32 10 24 9
Biz_Biz_20 4*36 35 36 8 36 34 22 25 11 33 2*36 2*30 36 0 30 36 13 2*0 22 34 11 28 26 28 2*8 36 11 21 11 23 8 34 36 34 0 8 29 11 36 35 0 26 0 30 32 0 27 3*0 25 0 8 0 36 27 11 2*36 11 36 0 1 36 28 29 11 35 5 26 35 2*5 4*36 10 26 8
Aus_AusII_03 4*0 1 0 95 0 1 12 34 0 5 2*0 23 16 2*0 19 0 13 2*0 12 5 0 27 10 8 2*100 2*0 12 0 37 95 7 0 5 0 100 7 4*0 8 0 18 4 0 28 3*0 37 0 100 2*0 31 8*0 12 22 3*0 35 5 7*0 34 0
Aus_Gri_01 4*0 1 0 95 0 1 12 34 0 5 2*0 23 16 2*0 19 0 13 2*0 12 5 0 27 10 8 2*100 2*0 12 0 37 95 7 0 5 0 100 7 4*0 8 0 18 4 0 28 3*0 37 0 100 2*0 31 8*0 12 22 3*0 35 5 7*0 34 0
Ger_Ger_06 4*0 28 3*0 51 26 34 0 12 0 98 55 39 99 0 40 99 12 2*0 26 1 0 43 32 36 2*0 99 0 23 0 37 0 58 99 1 2*0 37 0 99 14 0 33 0 39 10 0 42 3*0 37 3*0 98 41 0 99 98 5*0 35 55 0 14 0 35 1 7*0 34 0
Ger_Nar_04 4*0 2 1 5 0 8 14 6 100 5 0 1 0 5 2*0 2 0 13 2*0 13 0 100 0 14 11 3*0 100 15 100 2*5 1 4*0 10 100 0 5 0 14 0 3 11 0 6 3*0 1 3*0 1 2 100 0 1 100 4*0 10 4 100 5 0 2 8*0 1 0
Biz_Biz_19 6*23 12 2*23 18 19 15 22 2*23 2*21 23 3 21 23 13 2*3 18 23 15 2*20 21 2*12 23 15 17 15 18 12 22 2*23 3 12 21 15 2*23 3 20 3 21 22 3 20 3*3 19 3 12 3 23 20 15 2*23 15 23 3 4 23 20 21 15 23 13 19 23 2*13 4*23 14 19 13
Ger_Nar_03 4*0 2 1 5 0 8 14 6 100 5 0 1 0 5 2*0 2 0 13 2*0 13 0 100 0 14 11 3*0 100 15 100 2*5 1 4*0 10 100 0 5 0 14 0 3 11 0 6 3*0 1 3*0 1 2 100 0 1 100 4*0 10 4 100 5 0 2 8*0 1 0
Maw_Maw15_82 4*15 22 15 36 15 26 19 30 5 18 15 37 32 27 37 0 28 37 13 2*0 19 17 5 31 22 23 3*37 5 18 5 31 36 30 37 16 0 37 23 5 37 18 0 21 0 28 17 0 30 3*0 31 0 37 0 37 31 5 2*37 5 15 2*0 15 24 32 5 18 2 30 16 2*2 4*15 4 30 4
Maw_Maw22_07 4*0 1 0 91 0 2 12 33 2*5 2*0 21 15 2*0 18 0 13 2*0 12 2*5 26 10 8 2*95 0 5 12 5 36 91 7 0 5 0 95 7 5 3*0 9 0 18 4 0 27 3*0 35 0 95 2*0 30 5 2*0 5 4*0 11 21 5 2*0 33 5 7*0 33 0
Biz_Biz_23 4*33 39 32 7 33 43 25 31 1 2*33 58 41 36 58 0 38 58 12 2*0 25 32 1 37 30 34 2*7 58 1 22 1 30 7 45 58 32 0 7 35 1 58 35 0 31 0 37 31 0 35 3*0 32 0 7 0 58 35 1 2*58 1 33 0 1 2*33 40 1 35 0 2*32 2*0 4*33 5 32 4
Ger_Ger_04 4*0 28 3*0 51 26 34 0 12 0 98 55 39 99 0 40 99 12 2*0 26 1 0 43 32 36 2*0 99 0 23 0 37 0 58 99 1 2*0 37 0 99 14 0 33 0 39 10 0 42 3*0 37 3*0 98 41 0 99 98 5*0 35 55 0 14 0 35 1 7*0 34 0
Man_Man_21 4*94 65 93 5 94 38 2*25 0 73 94 1 23 37 1 0 39 1 12 2*0 25 88 0 29 31 34 2*5 1 0 23 0 16 5 32 1 88 0 5 36 0 1 76 0 32 0 38 71 0 24 3*0 26 0 5 0 1 27 0 2*1 0 94 0 1 94 34 19 0 76 0 28 88 2*0 4*94 15 30 11
MawC_Maw11C_09 9*0 2 8*0 100 2*0 18 2*100 2 9*0 3 6*0 100 5*0 100 0 100 2*0 100 0 3*100 0 100 0 100 7*0 100 98 17*0
Aus_AusII_06 4*0 1 0 95 0 1 12 34 0 5 2*0 23 16 2*0 19 0 13 2*0 12 5 0 27 10 8 2*100 2*0 12 0 37 95 7 0 5 0 100 7 4*0 8 0 18 4 0 28 3*0 37 0 100 2*0 31 8*0 12 22 3*0 35 5 7*0 34 0
Biz_Biz_24 6*37 7 37 35 22 25 10 34 2*37 2*30 37 0 31 37 12 2*0 22 36 10 29 26 29 2*7 37 10 21 10 23 7 35 37 36 0 7 30 10 37 36 0 27 0 31 33 0 27 3*0 26 0 7 0 37 27 10 2*37 10 37 0 1 37 28 29 10 36 5 26 36 2*5 4*37 10 26 8
Ger_Nar_08 4*0 2 1 5 0 8 14 6 100 5 0 1 0 5 2*0 2 0 13 2*0 13 0 100 0 14 11 3*0 100 15 100 2*5 1 4*0 10 100 0 5 0 14 0 3 11 0 6 3*0 1 3*0 1 2 100 0 1 100 4*0 10 4 100 5 0 2 8*0 1 0
Aus_Gri_06 4*0 28 3*0 51 26 34 0 12 0 98 54 39 99 0 40 99 12 2*0 26 1 0 43 32 36 2*0 99 0 23 0 37 0 58 99 1 2*0 37 0 99 14 0 33 0 39 10 0 42 3*0 37 3*0 98 41 0 99 98 5*0 35 55 0 14 0 35 1 7*0 34 0
Biz_Biz_21 4*81 60 80 0 81 40 2*25 5 65 81 14 26 37 14 0 38 14 12 2*0 25 76 5 30 31 35 2*0 14 5 23 5 18 0 35 14 76 2*0 36 5 14 68 0 32 0 37 63 0 26 3*0 26 3*0 14 27 5 2*14 5 81 0 1 81 34 23 5 68 0 28 76 2*0 4*81 13 29 9
MawC_Maw11C_10 9*0 2 8*0 100 2*0 18 2*100 2 9*0 3 6*0 100 5*0 100 0 100 2*0 100 0 3*100 0 100 0 100 7*0 100 98 17*0
Man_Man_05 4*33 32 33 9 33 31 21 23 14 31 2*33 2*27 33 0 28 33 13 2*0 21 32 14 26 25 26 2*8 33 14 20 14 21 9 31 33 32 0 8 27 14 33 32 0 25 0 28 30 0 25 3*0 24 0 8 0 33 25 14 2*33 14 33 0 1 33 26 27 14 32 7 24 32 2*7 4*33 10 24 9
MawC_Maw11C_01 9*0 2 8*0 100 2*0 18 2*100 2 9*0 3 6*0 100 5*0 100 0 100 2*0 100 0 3*100 0 100 0 100 7*0 100 98 17*0
Aus_Gri_09 4*39 38 39 18 39 36 23 30 3 36 2*39 34 33 39 0 35 39 12 2*0 23 38 3 33 27 30 2*18 39 3 21 3 28 18 37 39 38 0 18 31 3 39 37 0 28 0 2*34 0 31 3*0 31 0 18 0 39 32 3 2*39 3 39 0 1 39 30 33 3 37 0 31 38 2*0 4*39 6 31 5
Man_Man_28 4*75 55 75 4 75 36 2*24 11 60 75 10 23 34 10 0 35 10 12 2*0 24 70 11 27 29 32 2*4 10 11 22 11 17 4 31 10 71 0 4 33 11 10 63 0 30 0 34 59 0 24 3*0 24 0 4 0 10 25 11 2*10 11 75 0 1 75 32 21 11 63 0 26 71 2*0 4*75 12 27 9
MawC_Maw11C_02 9*0 2 8*0 100 2*0 18 2*100 2 9*0 3 6*0 100 5*0 100 0 100 2*0 100 0 3*100 0 100 0 100 7*0 100 98 17*0
Man_Man_11 4*24 29 24 27 24 32 21 30 6 25 24 42 35 30 42 0 32 42 12 2*0 21 24 6 33 25 27 2*28 42 6 20 6 30 27 35 42 24 0 28 27 6 42 26 0 25 0 31 24 0 32 3*0 32 0 28 0 42 32 6 2*42 6 24 2*0 24 27 34 6 26 0 31 24 2*0 4*24 4 31 3
MawC_Maw22C_10 9*0 2 8*0 100 2*0 18 2*100 2 9*0 3 6*0 100 5*0 100 0 100 2*0 100 0 3*100 0 100 0 100 7*0 100 98 17*0
MawC_Maw11C_07 9*0 2 8*0 100 2*0 18 2*100 2 9*0 3 6*0 100 5*0 100 0 100 2*0 100 0 3*100 0 100 0 100 7*0 100 98 17*0
MawC_Maw22C_03 9*0 2 8*0 100 2*0 18 2*100 2 9*0 3 6*0 100 5*0 100 0 100 2*0 100 0 3*100 0 100 0 100 7*0 100 98 17*0
Maw_Maw15_27b 4*25 28 25 35 25 29 20 32 1 26 25 36 34 30 37 0 32 37 12 2*0 20 26 1 33 24 25 3*37 1 19 1 31 35 32 37 26 0 37 26 1 37 26 0 24 0 31 24 0 32 3*0 34 0 37 0 36 33 1 37 36 1 25 2*0 25 26 33 1 26 0 33 26 2*0 4*25 4 33 3
MawC_Maw22C_P11 9*0 2 8*0 100 2*0 18 2*100 2 9*0 3 6*0 100 5*0 100 0 100 2*0 100 0 3*100 0 100 0 100 7*0 100 98 17*0
Maw_Maw22_08 4*0 1 0 95 0 1 12 34 0 5 2*0 23 16 2*0 19 0 13 2*0 12 5 0 27 10 8 2*100 2*0 12 0 37 95 7 0 5 0 100 7 4*0 8 0 18 4 0 28 3*0 37 0 100 2*0 31 8*0 12 22 3*0 35 5 7*0 34 0
MawC_Maw22C_12 9*0 2 8*0 100 2*0 18 2*100 2 9*0 3 6*0 100 5*0 100 0 100 2*0 100 0 3*100 0 100 0 100 7*0 100 98 17*0
Maw_Maw15_77 4*0 28 0 1 0 50 26 34 1 12 0 97 54 38 98 0 39 98 12 2*0 26 2*1 43 32 36 2*0 98 1 23 1 37 1 58 98 1 2*0 37 1 98 14 0 33 0 39 10 0 42 3*0 36 3*0 97 40 1 98 97 1 4*0 35 54 1 14 0 35 1 7*0 34 0
Biz_Biz_13 4*26 30 26 30 26 32 21 31 2 27 26 40 35 31 41 0 32 41 12 2*0 21 27 2 34 25 27 2*31 41 2 20 2 31 30 35 41 27 0 31 27 2 41 27 0 25 0 32 25 0 32 3*0 33 0 31 0 40 33 2 41 40 2 26 2*0 26 27 34 2 27 0 32 27 2*0 4*26 4 32 3
Ger_Nar_09 4*0 2 1 5 0 8 14 6 100 5 0 1 0 5 2*0 2 0 13 2*0 13 0 100 0 14 11 3*0 100 15 100 2*5 1 4*0 10 100 0 5 0 14 0 3 11 0 6 3*0 1 3*0 1 2 100 0 1 100 4*0 10 4 100 5 0 2 8*0 1 0
Biz_Biz_22 4*0 28 3*0 51 26 34 0 12 0 98 55 39 99 0 40 99 12 2*0 26 1 0 43 32 36 2*0 99 0 23 0 37 0 58 99 1 2*0 37 0 99 14 0 33 0 39 10 0 42 3*0 37 3*0 98 41 0 99 98 5*0 35 55 0 14 0 35 1 7*0 34 0
Maw_Maw15_P1 4*0 28 0 1 0 50 26 34 1 12 0 97 54 38 98 0 39 98 12 2*0 26 2*1 43 32 36 2*1 98 1 23 1 37 1 58 98 1 0 1 37 1 98 14 0 33 0 39 10 0 42 3*0 36 0 1 0 97 40 1 98 97 1 4*0 35 54 1 14 0 35 1 7*0 34 0
Ger_Nar_06 4*0 2 1 5 0 8 14 6 100 5 0 1 0 5 2*0 2 0 13 2*0 13 0 100 0 14 11 3*0 100 15 100 2*5 1 4*0 10 100 0 5 0 14 0 3 11 0 6 3*0 1 3*0 1 2 100 0 1 100 4*0 10 4 100 5 0 2 8*0 1 0
Zar_Zar_05 4*100 69 99 0 100 40 26 25 0 78 100 0 22 39 2*0 40 0 12 2*0 26 93 0 29 32 36 4*0 23 0 15 0 33 0 94 2*0 37 2*0 81 0 33 0 39 75 0 24 3*0 25 4*0 26 4*0 100 0 2 100 35 19 0 81 0 28 94 2*0 4*100 16 30 12
MawC_Maw22C_14 9*0 2 8*0 100 2*0 18 2*100 2 9*0 3 6*0 100 5*0 100 0 100 2*0 100 0 3*100 0 100 0 100 7*0 100 98 17*0
MawC_Maw22C_15 4*2 1 2 0 2 1 2 2*0 1 2 2*0 1 0 98 1 0 18 2*98 2 1 2*0 2*1 4*0 4 3*0 1 0 1 98 0 1 2*0 1 98 1 98 2*1 98 0 3*98 0 98 0 98 6*0 2 98 96 2 1 2*0 1 2*0 1 2*0 4*2 0 1 0
Zar_Zar_08 4*100 69 99 0 100 40 26 25 0 78 100 0 22 39 2*0 40 0 12 2*0 26 93 0 29 32 36 4*0 23 0 15 0 33 0 94 2*0 37 2*0 81 0 33 0 39 75 0 24 3*0 25 4*0 26 4*0 100 0 2 100 35 19 0 81 0 28 94 2*0 4*100 16 30 12
Man_Man_44 6*35 11 35 33 22 25 10 33 2*35 2*30 35 0 30 35 13 2*0 22 34 10 29 26 28 2*12 35 10 20 10 24 11 33 35 34 0 12 28 10 35 34 0 26 0 30 32 0 27 3*0 26 0 12 0 35 27 10 2*35 10 35 0 1 35 28 29 10 34 4 26 34 2*4 4*35 9 27 8
Man_Man_06 4*19 29 19 21 19 36 22 31 4 23 19 54 39 32 55 0 33 55 12 2*0 22 19 4 35 27 29 2*22 55 4 21 4 32 21 40 55 19 0 22 29 4 55 23 0 27 0 33 21 0 34 3*0 33 0 22 0 54 34 4 55 54 4 19 2*0 19 29 39 4 23 0 32 19 2*0 4*19 3 32 2
Ger_Nar_01 4*0 2 1 5 0 8 14 6 100 5 0 1 0 5 2*0 2 0 13 2*0 13 0 100 0 14 11 3*0 100 15 100 2*5 1 4*0 10 100 0 5 0 14 0 3 11 0 6 3*0 1 3*0 1 2 100 0 1 100 4*0 10 4 100 5 0 2 8*0 1 0
Biz_Biz_01 4*81 60 81 0 81 40 2*25 5 65 81 14 26 37 14 0 38 14 12 2*0 25 76 5 30 31 35 2*0 14 5 23 5 18 0 35 14 76 2*0 36 5 14 68 0 32 0 37 63 0 26 3*0 26 3*0 14 27 5 2*14 5 81 0 1 81 34 23 5 68 0 28 76 2*0 4*81 13 29 9
Wey_Wey_01 9*0 11 11*0 13 2*0 12 3*0 7 5 4*0 13 0 2 6*0 5 4*0 7 22*0 4 3*0 100 2*0 2*100 4*0 42 0 44
Ger_Ger_02 4*28 29 28 33 28 29 21 31 2 2*28 35 33 30 35 0 31 35 12 2*0 21 28 2 33 24 26 3*35 2 19 2 30 33 32 35 28 0 35 26 2 35 28 0 24 0 31 26 0 31 3*0 33 0 35 0 35 32 2 2*35 2 28 2*0 28 26 32 2 28 0 32 28 2*0 4*28 5 32 3
Man_Man_04 4*94 65 93 5 94 38 2*25 0 73 94 1 23 37 1 0 39 1 12 2*0 25 88 0 29 31 35 2*5 1 0 23 0 16 5 32 1 88 0 5 36 0 1 76 0 32 0 38 71 0 24 3*0 26 0 5 0 1 27 0 2*1 0 94 0 1 94 34 19 0 76 0 28 88 2*0 4*94 15 30 11
Wey_Wey_04 9*0 11 11*0 13 2*0 12 3*0 7 5 4*0 13 0 2 6*0 5 4*0 7 22*0 4 3*0 100 2*0 2*100 4*0 42 0 44
Wey_Wey_05 9*0 11 11*0 13 2*0 12 3*0 7 5 4*0 13 0 2 6*0 5 4*0 7 22*0 4 3*0 100 2*0 2*100 4*0 42 0 44
Zar_Zar_03 4*100 69 99 0 100 40 26 24 0 78 100 0 22 38 2*0 40 0 12 2*0 26 93 0 29 32 36 4*0 23 0 15 0 33 0 94 2*0 37 2*0 81 0 33 0 39 75 0 24 3*0 25 4*0 26 4*0 100 0 2 100 35 19 0 81 0 28 94 2*0 4*100 16 30 12
Zar_Zar_07 4*100 69 99 0 100 40 26 24 0 78 100 0 22 38 2*0 40 0 12 2*0 26 93 0 29 32 36 4*0 23 0 15 0 33 0 94 2*0 37 2*0 81 0 33 0 39 75 0 24 3*0 25 4*0 26 4*0 100 0 2 100 35 19 0 81 0 28 94 2*0 4*100 16 30 12
Zar_Zar_02 4*100 69 99 0 100 40 26 24 0 78 100 0 22 38 2*0 40 0 12 2*0 26 93 0 29 32 36 4*0 23 0 15 0 33 0 94 2*0 37 2*0 81 0 33 0 39 75 0 24 3*0 25 4*0 26 4*0 100 0 2 100 35 19 0 81 0 28 94 2*0 4*100 16 30 12
Zar_Zar_04 4*100 69 99 0 100 40 26 25 0 78 100 0 22 38 2*0 40 0 12 2*0 26 93 0 29 32 36 4*0 23 0 15 0 33 0 94 2*0 37 2*0 81 0 33 0 39 75 0 24 3*0 25 4*0 26 4*0 100 0 2 100 35 19 0 81 0 28 94 2*0 4*100 16 30 12
Wey_Wey_03 4*16 11 16 0 16 6 13 4 0 13 16 0 4 7 2*0 6 0 15 2*0 13 15 0 5 2*10 4*0 14 0 4 0 5 0 15 2*0 10 2*0 13 0 10 0 6 12 0 4 3*0 4 4*0 4 4*0 16 2*0 16 9 3 0 13 42 5 15 2*42 4*16 37 5 38
Maw_Maw15_75 4*30 31 30 33 2*30 21 31 1 29 30 34 33 30 34 0 32 34 12 2*0 21 30 1 33 24 26 3*34 1 19 1 30 33 32 34 30 0 34 26 1 34 29 0 24 0 31 27 0 31 3*0 33 0 34 0 34 32 1 2*34 1 30 2*0 30 27 32 1 29 0 32 30 2*0 4*30 5 32 4
Wey_Wey_02 4*12 8 12 0 12 5 12 3 0 9 12 0 3 5 2*0 5 0 16 2*0 13 11 0 3 9 8 4*0 13 0 4 0 4 0 11 2*0 8 2*0 9 0 9 0 5 9 0 3 3*0 3 4*0 3 4*0 12 2*0 12 8 2 0 9 44 3 11 2*44 4*12 38 4 40
