-----------------------------------------------------------------
PopCluster, Version 1.4.0.0, Build 20240115, Expire Date 20270115
              Copyright (C) 2017-2024 Jinliang Wang
        Institute of Zoology, Zoological Society of London
                  Email: jinliang.wang@ioz.ac.uk
-----------------------------------------------------------------


------------------------------
Running parameters and options
------------------------------

Command line arguments:
  C:\ZSL\PopCluster1\PopClusterWin INP:C:\ZSL\PopCluster1\Results\Pcalcareum_ramets\Pcalcareum_ramets.PcPjt MPI:1 OMP:2

Run parameters:
  Number of individuals = 87
  Mean number alleles/locus = 2.00
  Minimum number alleles/locus = 2
  Maximum number alleles/locus = 2
  Number monomorphic loci = 0
  Number polymorphic loci = 15328
  Number all loci = 15328
  Number of assumed populations (K:1-8) = 3
  Random number seed = 123
  Replicate run (out of 10) = 1
  Number of MPI parallel processes used = 4
  Number of openMP threads per MPI process = 2
  Missing value = -9
  LocusAdmixQ = 0
  Parameter file = C:\ZSL\PopCluster1\Results\Pcalcareum_ramets\Pcalcareum_ramets.PcPjt
  Genotype file = C:\ZSL\PopCluster1\Results\Pcalcareum_ramets\Pcalcareum_ramets.dat
  PopDataQ = 0
  PopFlagQ = 0
  OutAlleleFre = 0
  Model = 2
  Scaling = 2
  AllSNP = 1
  UseKMeans = 0
  LocusFst = 0
  DataForm = 0
  Search method = AssignProb
  Allele frequency prior = Equal
    (Frequency prior reset from 2 to 1 due to Scaling > 0)


---------------------------------------
Summary of analyses of Run = 1 at K = 3
---------------------------------------
Run      WeekDay   Date(D/M/Y) Time(S/M/H)
Started  Tuesday   09/09/2025  07/24/08
Finished Tuesday   09/09/2025  25/28/08

Clustering analysis:
  LogL, NumIter = -2.4176061911E+05, 234540
  TimeTaken(WallClock second) = 89

Admixture analysis:
  Tol, NumIter = 2.8313485593E-08, 29
  TimeTaken(WallClock second) = 2


----------------------------
Distribution of missing data
----------------------------
  #MissGtype       #Loci
           0       15328

A genotype with both alleles missing is counted
  as a missing genotype (MissGtype)
A monomorphic locus is counted as having 87 MissGtype


---------------------------
Clustering analysis results
---------------------------
Estimated cluster of individuals 1~87
           Label  #Hom  #Het #Mis       F ML_C
      Zar_Zar_10 12221  3107    0  0.0284    1
      Zar_Zar_06 12279  3049    0  0.0384    1
      Zar_Zar_11 12343  2985    0  0.0410    1
      Zar_Zar_12 12415  2913    0  0.0596    1
      Aus_Gri_15 11544  3784    0 -0.0486    1
      Aus_Gri_12 12180  3148    0  0.0324    1
    Maw_Maw22_04 11238  4090    0  0.0052    3
      Man_Man_08 12253  3075    0  0.0349    1
      Biz_Biz_06 11281  4047    0 -0.0863    3
      Man_Man_24 11359  3969    0 -0.0692    3
      Ger_Ger_01 10273  5055    0 -0.1932    3
      Ger_Nar_07 11440  3888    0 -0.0832    1
      Aus_Gri_13 11778  3550    0 -0.0261    1
      Zar_Zar_01 12497  2831    0  0.0744    1
    Maw_Maw15_84 10367  4961    0 -0.1894    3
      Aus_Gri_11 10422  4906    0 -0.1681    3
      Man_Man_07 11237  4091    0 -0.0686    3
      Aus_Gri_14 10364  4964    0 -0.1811    3
  MawC_Maw22C_06  5043 10285    0 -0.5336    2
      Biz_Biz_12 11406  3922    0 -0.0327    3
      Ger_Ger_05 10441  4887    0 -0.1737    3
  MawC_Maw11C_04  6555  8773    0 -0.1679    2
  MawC_Maw22C_16  5153 10175    0 -0.5089    2
  MawC_Maw11C_06  5862  9466    0 -0.3466    2
      Man_Man_10 11202  4126    0 -0.0783    3
      Man_Man_03 11762  3566    0 -0.0241    1
      Ger_Nar_02 11417  3911    0 -0.0847    1
      Ger_Nar_05 10439  4889    0 -0.1788    3
      Ger_Nar_10 11186  4142    0 -0.0856    3
      Biz_Biz_20 11713  3615    0 -0.0173    3
    Aus_AusII_03 10649  4679    0 -0.0793    3
      Aus_Gri_01 10669  4659    0 -0.0758    3
      Ger_Ger_06 10356  4972    0 -0.1867    3
      Ger_Nar_04 11400  3928    0 -0.0865    1
      Biz_Biz_19 11501  3827    0 -0.0622    1
      Ger_Nar_03 11409  3919    0 -0.0855    1
    Maw_Maw15_82 10422  4906    0 -0.1751    3
    Maw_Maw22_07 11196  4132    0  0.0002    3
      Biz_Biz_23 11446  3882    0 -0.0356    3
      Ger_Ger_04 10313  5015    0 -0.1926    3
      Man_Man_21 11845  3483    0 -0.0095    1
  MawC_Maw11C_09  5348  9980    0 -0.4848    2
    Aus_AusII_06 10670  4658    0 -0.0778    3
      Biz_Biz_24 11469  3859    0 -0.0539    3
      Ger_Nar_08 11418  3910    0 -0.0849    1
      Aus_Gri_06 10379  4949    0 -0.1734    3
      Biz_Biz_21 11636  3692    0 -0.0412    1
  MawC_Maw11C_10  5270 10058    0 -0.4916    2
      Man_Man_05 11035  4293    0 -0.1186    3
  MawC_Maw11C_01  6302  9026    0 -0.2184    2
      Aus_Gri_09 11276  4052    0 -0.0647    3
      Man_Man_28 12086  3242    0  0.0138    1
  MawC_Maw11C_02  5573  9755    0 -0.4118    2
      Man_Man_11 10354  4974    0 -0.1833    3
  MawC_Maw22C_10  5113 10215    0 -0.5241    2
  MawC_Maw11C_07  5335  9993    0 -0.4620    2
  MawC_Maw22C_03  5148 10180    0 -0.5090    2
   Maw_Maw15_27b 10406  4922    0 -0.1776    3
 MawC_Maw22C_P11  5104 10224    0 -0.5239    2
    Maw_Maw22_08 10814  4514    0 -0.0441    3
  MawC_Maw22C_12  5119 10209    0 -0.5139    2
    Maw_Maw15_77 10397  4931    0 -0.1867    3
      Biz_Biz_13 10458  4870    0 -0.1669    3
      Ger_Nar_09 11435  3893    0 -0.0832    1
      Biz_Biz_22 10340  4988    0 -0.1842    3
    Maw_Maw15_P1 10545  4783    0 -0.1657    3
      Ger_Nar_06 11406  3922    0 -0.0865    1
      Zar_Zar_05 12391  2937    0  0.0514    1
  MawC_Maw22C_14  5081 10247    0 -0.5200    2
  MawC_Maw22C_15  5251 10077    0 -0.4785    2
      Zar_Zar_08 12363  2965    0  0.0476    1
      Man_Man_44 11467  3861    0 -0.0351    3
      Man_Man_06 10286  5042    0 -0.1873    3
      Ger_Nar_01 11582  3746    0 -0.0645    1
      Biz_Biz_01 11664  3664    0 -0.0389    1
      Wey_Wey_01 10997  4331    0 -0.0523    1
      Ger_Ger_02 10392  4936    0 -0.1803    3
      Man_Man_04 12025  3303    0  0.0178    1
      Wey_Wey_04 11215  4113    0 -0.0131    1
      Wey_Wey_05 11029  4299    0 -0.0480    1
      Zar_Zar_03 12133  3195    0  0.0087    1
      Zar_Zar_07 12233  3095    0  0.0409    1
      Zar_Zar_02 12317  3011    0  0.0473    1
      Zar_Zar_04 12342  2986    0  0.0423    1
      Wey_Wey_03 11127  4201    0 -0.0673    1
    Maw_Maw15_75 10341  4987    0 -0.1847    3
      Wey_Wey_02 11150  4178    0 -0.0667    1

Column note
  1-Individual Label (Label)
  2-Number Homozygotes (#Hom)
  3-Number Heterozygotes (#Het)
  4-Number (partial) Missing Genotypes (#Mis)
  5-Individual Inbreeding (F)
  6-ML ClusterID (ML_C)

%individuals with F < -1/(#individuals) = 0.7701


----------------------------------------
Inferred clusters: F-Statistics analysis
----------------------------------------
Cluster #Members     Fst     Fis     Fit
      1       35  0.4193 -0.2169  0.2934
      2       15 -0.0492 -0.8894 -0.9823
      3       37  0.3126 -0.3254  0.0890


--------------------------------
Inferred Fst between populations
--------------------------------
    Pop#    Pop1    Pop2    Pop3
    Pop1  0.4651
    Pop2  0.3928 -0.0521
    Pop3  0.1939  0.3460  0.3296

NOTE: Fst(i,i) is Fst for pop i from all populations (including i)
      Fst(i,j) (i<j) is Fst between populations i and j


------------------
Admixture analysis
------------------
Inferred ancestry of individuals 1~87 (%Miss includes monomorphic loci)
Index Order           Label %Miss Cluster : Inferred ancestry in clusters 1~3
    1     7      Zar_Zar_10   0.0       1 : 0.999 0.000 0.001
    2    12      Zar_Zar_06   0.0       1 : 0.999 0.000 0.001
    3     8      Zar_Zar_11   0.0       1 : 0.999 0.000 0.001
    4    11      Zar_Zar_12   0.0       1 : 0.999 0.000 0.001
    5    31      Aus_Gri_15   0.0       1 : 0.781 0.000 0.219
    6     3      Aus_Gri_12   0.0       1 : 0.999 0.000 0.001
    7    54    Maw_Maw22_04   0.0       3 : 0.001 0.000 0.999
    8     5      Man_Man_08   0.0       1 : 0.999 0.000 0.001
    9    81      Biz_Biz_06   0.0       3 : 0.496 0.003 0.501
   10    79      Man_Man_24   0.0       3 : 0.495 0.003 0.502
   11    75      Ger_Ger_01   0.0       3 : 0.290 0.000 0.710
   12    15      Ger_Nar_07   0.0       1 : 0.967 0.000 0.033
   13    30      Aus_Gri_13   0.0       1 : 0.834 0.000 0.166
   14    13      Zar_Zar_01   0.0       1 : 0.999 0.000 0.001
   15    65    Maw_Maw15_84   0.0       3 : 0.215 0.000 0.785
   16    67      Aus_Gri_11   0.0       3 : 0.242 0.000 0.758
   17    84      Man_Man_07   0.0       3 : 0.500 0.000 0.500
   18    59      Aus_Gri_14   0.0       3 : 0.157 0.000 0.843
   19    40  MawC_Maw22C_06   0.0       2 : 0.001 0.998 0.001
   20    76      Biz_Biz_12   0.0       3 : 0.422 0.000 0.578
   21    66      Ger_Ger_05   0.0       3 : 0.217 0.000 0.783
   22    49  MawC_Maw11C_04   0.0       2 : 0.001 0.998 0.001
   23    38  MawC_Maw22C_16   0.0       2 : 0.001 0.998 0.001
   24    46  MawC_Maw11C_06   0.0       2 : 0.001 0.998 0.001
   25    80      Man_Man_10   0.0       3 : 0.495 0.003 0.502
   26    27      Man_Man_03   0.0       1 : 0.841 0.000 0.159
   27    17      Ger_Nar_02   0.0       1 : 0.965 0.000 0.035
   28    72      Ger_Nar_05   0.0       3 : 0.276 0.000 0.724
   29    87      Ger_Nar_10   0.0       3 : 0.498 0.003 0.499
   30    83      Biz_Biz_20   0.0       3 : 0.498 0.002 0.500
   31    52    Aus_AusII_03   0.0       3 : 0.001 0.000 0.999
   32    56      Aus_Gri_01   0.0       3 : 0.001 0.000 0.999
   33    63      Ger_Ger_06   0.0       3 : 0.214 0.000 0.786
   34    19      Ger_Nar_04   0.0       1 : 0.964 0.000 0.036
   35    35      Biz_Biz_19   0.0       1 : 0.747 0.000 0.253
   36    21      Ger_Nar_03   0.0       1 : 0.963 0.000 0.037
   37    70    Maw_Maw15_82   0.0       3 : 0.273 0.000 0.727
   38    53    Maw_Maw22_07   0.0       3 : 0.001 0.000 0.999
   39    78      Biz_Biz_23   0.0       3 : 0.441 0.000 0.559
   40    61      Ger_Ger_04   0.0       3 : 0.212 0.000 0.788
   41    28      Man_Man_21   0.0       1 : 0.841 0.000 0.159
   42    47  MawC_Maw11C_09   0.0       2 : 0.001 0.998 0.001
   43    51    Aus_AusII_06   0.0       3 : 0.001 0.000 0.999
   44    82      Biz_Biz_24   0.0       3 : 0.497 0.002 0.501
   45    18      Ger_Nar_08   0.0       1 : 0.964 0.000 0.036
   46    57      Aus_Gri_06   0.0       3 : 0.148 0.000 0.852
   47    23      Biz_Biz_21   0.0       1 : 0.885 0.000 0.115
   48    44  MawC_Maw11C_10   0.0       2 : 0.001 0.998 0.001
   49    85      Man_Man_05   0.0       3 : 0.497 0.003 0.500
   50    48  MawC_Maw11C_01   0.0       2 : 0.001 0.998 0.001
   51    77      Aus_Gri_09   0.0       3 : 0.432 0.000 0.568
   52    26      Man_Man_28   0.0       1 : 0.863 0.000 0.137
   53    45  MawC_Maw11C_02   0.0       2 : 0.001 0.998 0.001
   54    71      Man_Man_11   0.0       3 : 0.276 0.000 0.724
   55    42  MawC_Maw22C_10   0.0       2 : 0.001 0.998 0.001
   56    39  MawC_Maw11C_07   0.0       2 : 0.001 0.998 0.001
   57    41  MawC_Maw22C_03   0.0       2 : 0.001 0.998 0.001
   58    60   Maw_Maw15_27b   0.0       3 : 0.210 0.000 0.790
   59    43 MawC_Maw22C_P11   0.0       2 : 0.001 0.998 0.001
   60    55    Maw_Maw22_08   0.0       3 : 0.001 0.000 0.999
   61    36  MawC_Maw22C_12   0.0       2 : 0.001 0.998 0.001
   62    62    Maw_Maw15_77   0.0       3 : 0.212 0.000 0.788
   63    68      Biz_Biz_13   0.0       3 : 0.249 0.000 0.751
   64    20      Ger_Nar_09   0.0       1 : 0.963 0.000 0.037
   65    58      Biz_Biz_22   0.0       3 : 0.154 0.000 0.846
   66    64    Maw_Maw15_P1   0.0       3 : 0.215 0.000 0.785
   67    16      Ger_Nar_06   0.0       1 : 0.966 0.000 0.034
   68     9      Zar_Zar_05   0.0       1 : 0.999 0.000 0.001
   69    37  MawC_Maw22C_14   0.0       2 : 0.001 0.998 0.001
   70    50  MawC_Maw22C_15   0.0       2 : 0.010 0.990 0.000
   71     6      Zar_Zar_08   0.0       1 : 0.999 0.000 0.001
   72    86      Man_Man_44   0.0       3 : 0.499 0.002 0.499
   73    69      Man_Man_06   0.0       3 : 0.264 0.000 0.736
   74    14      Ger_Nar_01   0.0       1 : 0.978 0.000 0.022
   75    22      Biz_Biz_01   0.0       1 : 0.887 0.000 0.113
   76    34      Wey_Wey_01   0.0       1 : 0.776 0.224 0.000
   77    74      Ger_Ger_02   0.0       3 : 0.281 0.000 0.719
   78    29      Man_Man_04   0.0       1 : 0.838 0.000 0.162
   79    32      Wey_Wey_04   0.0       1 : 0.779 0.221 0.000
   80    33      Wey_Wey_05   0.0       1 : 0.777 0.223 0.000
   81     1      Zar_Zar_03   0.0       1 : 0.999 0.000 0.001
   82     2      Zar_Zar_07   0.0       1 : 0.999 0.000 0.001
   83     4      Zar_Zar_02   0.0       1 : 0.999 0.000 0.001
   84    10      Zar_Zar_04   0.0       1 : 0.999 0.000 0.001
   85    24      Wey_Wey_03   0.0       1 : 0.881 0.119 0.000
   86    73    Maw_Maw15_75   0.0       3 : 0.277 0.000 0.723
   87    25      Wey_Wey_02   0.0       1 : 0.875 0.125 0.000


----------------------------------------------------------
Pairwise co-assignment probability from admixture analysis
----------------------------------------------------------
Inferred co-assignment probability between an individual in a row (i) and an individual in a column (j)
  Individuals in both row i and column j are ordered as in the genotype data. Values are c(i,j)*100
Zar_Zar_10 4*100 78 100 0 100 50 49 29 97 83 100 21 24 50 16 0 42 22 3*0 49 84 96 28 2*50 2*0 21 96 75 96 27 0 44 21 84 2*0 50 96 15 88 0 50 0 43 86 0 28 3*0 21 3*0 21 25 96 15 21 96 100 0 1 100 50 26 98 89 77 28 84 2*78 4*100 88 28 87
Zar_Zar_06 4*100 78 100 0 100 50 49 29 97 83 100 21 24 50 16 0 42 22 3*0 49 84 96 28 2*50 2*0 21 96 75 96 27 0 44 21 84 2*0 50 96 15 88 0 50 0 43 86 0 28 3*0 21 3*0 21 25 96 15 21 96 100 0 1 100 50 26 98 89 77 28 84 2*78 4*100 88 28 87
Zar_Zar_11 4*100 78 100 0 100 50 49 29 97 83 100 21 24 50 16 0 42 22 3*0 49 84 96 28 2*50 2*0 21 96 75 96 27 0 44 21 84 2*0 50 96 15 88 0 50 0 43 86 0 28 3*0 21 3*0 21 25 96 15 21 96 100 0 1 100 50 26 98 89 77 28 84 2*78 4*100 88 28 87
Zar_Zar_12 4*100 78 100 0 100 50 49 29 97 83 100 21 24 50 16 0 42 22 3*0 49 84 96 28 2*50 2*0 21 96 75 96 27 0 44 21 84 2*0 50 96 15 88 0 50 0 43 86 0 28 3*0 21 3*0 21 25 96 15 21 96 100 0 1 100 50 26 98 89 77 28 84 2*78 4*100 88 28 87
Aus_Gri_15 4*78 66 78 22 78 2*50 38 76 69 78 34 36 50 31 0 46 34 3*0 50 69 76 37 2*50 2*22 34 76 64 76 37 22 47 34 69 0 22 50 76 30 72 0 50 0 46 70 0 37 3*0 34 0 22 0 34 36 76 31 34 76 78 0 1 78 50 37 77 72 61 38 69 2*61 4*78 69 38 68
Aus_Gri_12 4*100 78 100 0 100 50 49 29 97 83 100 21 24 50 16 0 42 22 3*0 49 84 96 28 2*50 2*0 21 96 75 96 27 0 44 21 84 2*0 50 96 15 88 0 50 0 43 86 0 28 3*0 21 3*0 21 25 96 15 21 96 100 0 1 100 50 26 98 89 77 28 84 2*78 4*100 88 28 87
Maw_Maw22_04 4*0 22 0 100 0 2*50 71 3 17 0 78 76 50 84 0 58 78 3*0 50 16 3 72 2*50 2*100 79 4 25 4 73 100 56 79 16 0 100 50 4 85 11 0 50 0 57 14 0 72 3*0 79 0 100 0 79 75 4 85 78 3 4*0 50 74 2 11 0 72 16 7*0 72 0
Man_Man_08 4*100 78 100 0 100 50 49 29 97 83 100 21 24 50 16 0 42 22 3*0 49 84 96 28 2*50 2*0 21 96 75 96 27 0 44 21 84 2*0 50 96 15 88 0 50 0 43 86 0 28 3*0 21 3*0 21 25 96 15 21 96 100 0 1 100 50 26 98 89 77 28 84 2*78 4*100 88 28 87
Biz_Biz_06 18*50 0 2*50 3*0 17*50 0 5*50 0 50 0 2*50 0 50 3*0 50 0 50 0 7*50 0 1 5*50 39 2*50 2*39 4*50 44 50 43
Man_Man_24 4*49 50 49 50 49 5*50 49 4*50 0 2*50 3*0 17*50 0 5*50 0 50 0 2*50 0 50 3*0 50 0 50 0 6*50 49 0 1 49 2*50 49 50 38 2*50 2*39 4*49 44 50 43
Ger_Ger_01 4*29 38 29 71 29 2*50 59 30 36 29 62 61 50 64 0 53 62 3*0 50 36 30 59 2*50 2*71 62 31 40 31 60 71 52 62 36 0 71 50 30 65 34 0 50 0 53 35 0 59 3*0 62 0 71 0 62 61 31 65 62 30 29 2*0 29 50 60 30 34 23 59 36 2*23 4*29 26 59 25
Ger_Nar_07 4*97 76 97 3 97 2*50 30 94 81 97 23 26 50 18 0 43 24 3*0 49 82 93 29 2*50 2*3 23 93 73 93 29 3 44 23 82 0 3 50 93 17 86 0 50 0 44 84 0 29 3*0 23 0 3 0 23 27 93 18 23 93 97 0 1 97 50 28 95 86 75 30 82 2*75 4*97 85 29 85
Aus_Gri_13 4*83 69 83 17 83 2*50 36 81 72 83 31 33 50 27 0 45 31 3*0 50 73 81 35 2*50 2*17 31 81 66 81 35 17 46 31 73 0 17 50 81 26 76 0 50 0 45 74 0 35 3*0 31 0 17 0 31 33 81 27 31 81 83 0 1 83 50 34 82 76 65 35 73 2*65 4*83 73 35 73
Zar_Zar_01 4*100 78 100 0 100 50 49 29 97 83 100 21 24 50 16 0 42 22 3*0 49 84 96 28 2*50 2*0 21 96 75 96 27 0 44 21 84 2*0 50 96 15 88 0 50 0 43 86 0 28 3*0 21 3*0 21 25 96 15 21 96 100 0 1 100 50 26 98 89 77 28 84 2*78 4*100 88 28 87
Maw_Maw15_84 4*22 34 22 78 22 2*50 62 23 31 22 66 65 50 70 0 54 66 3*0 50 31 23 63 2*50 2*78 66 24 36 24 63 78 53 66 31 0 78 50 24 70 28 0 50 0 54 29 0 63 3*0 67 0 78 0 66 64 24 70 66 23 22 2*0 22 50 63 23 28 17 63 31 2*17 4*22 19 63 19
Aus_Gri_11 4*24 36 24 76 24 2*50 61 26 33 24 65 63 50 68 0 54 65 3*0 50 32 26 62 2*50 2*76 65 26 37 26 62 76 53 65 32 0 76 50 26 68 30 0 50 0 54 31 0 62 3*0 65 0 76 0 65 63 26 68 65 26 24 2*0 24 50 62 25 30 19 61 33 2*19 4*24 21 61 21
Man_Man_07 18*50 0 2*50 3*0 17*50 0 5*50 0 50 0 2*50 0 50 3*0 50 0 50 0 7*50 0 1 5*50 39 2*50 2*39 4*50 44 50 44
Aus_Gri_14 4*16 31 16 84 16 2*50 64 18 27 16 70 68 50 73 0 55 69 3*0 50 27 18 65 2*50 2*84 70 18 33 18 66 84 54 70 27 0 84 50 18 74 24 0 50 0 55 25 0 65 3*0 70 0 84 0 70 67 18 74 70 18 16 2*0 16 50 66 17 23 12 65 27 2*12 4*16 14 65 14
MawC_Maw22C_06 18*0 100 2*0 3*100 17*0 100 5*0 100 0 100 2*0 100 0 3*100 0 100 0 100 7*0 100 99 5*0 22 2*0 2*22 4*0 12 0 12
Biz_Biz_12 4*42 46 42 58 42 2*50 53 43 45 42 2*54 50 55 0 51 54 3*0 50 45 43 53 2*50 2*58 54 43 46 43 54 58 51 55 45 0 58 50 43 56 44 0 50 0 51 44 0 53 3*0 55 0 58 0 55 54 43 55 54 43 42 2*0 42 50 54 43 44 33 53 45 2*33 4*42 37 53 37
Ger_Ger_05 4*22 34 22 78 22 2*50 62 24 31 22 66 65 50 69 0 54 66 3*0 50 31 24 63 2*50 2*78 66 24 36 24 63 78 53 66 31 0 78 50 24 70 28 0 50 0 54 29 0 63 3*0 66 0 78 0 66 64 24 70 66 24 22 2*0 22 50 63 23 28 17 62 31 2*17 4*22 19 63 19
MawC_Maw11C_04 18*0 100 2*0 3*100 17*0 100 5*0 100 0 100 2*0 100 0 3*100 0 100 0 100 7*0 100 99 5*0 22 2*0 2*22 4*0 12 0 13
MawC_Maw22C_16 18*0 100 2*0 3*100 17*0 100 5*0 100 0 100 2*0 100 0 3*100 0 100 0 100 7*0 100 99 5*0 22 2*0 2*22 4*0 12 0 12
MawC_Maw11C_06 18*0 100 2*0 3*100 17*0 100 5*0 100 0 100 2*0 100 0 3*100 0 100 0 100 7*0 100 99 5*0 22 2*0 2*22 4*0 12 0 13
Man_Man_10 4*49 50 49 50 49 3*50 49 50 49 4*50 0 2*50 3*0 2*50 49 6*50 49 50 49 5*50 0 2*50 49 2*50 0 50 0 2*50 0 50 3*0 50 0 50 0 2*50 49 2*50 2*49 0 1 49 2*50 49 50 38 2*50 39 38 4*49 44 50 43
Man_Man_03 4*84 69 84 16 84 2*50 36 82 73 84 31 32 50 27 0 45 31 3*0 50 73 82 35 2*50 2*16 30 82 67 82 34 16 46 30 73 0 16 50 82 26 76 0 50 0 45 75 0 35 3*0 30 0 16 0 30 33 82 26 31 82 84 0 1 84 50 34 83 76 65 35 73 66 65 4*84 74 35 74
Ger_Nar_02 4*96 76 96 4 96 2*50 30 93 81 96 23 26 50 18 0 43 24 3*0 49 82 93 29 2*50 2*4 23 93 73 93 29 4 45 23 82 0 4 50 93 17 86 0 50 0 44 84 0 29 3*0 23 0 4 0 23 27 93 18 23 93 96 0 1 96 50 28 94 86 75 30 81 2*75 4*96 85 29 84
Ger_Nar_05 4*28 37 28 72 28 2*50 59 29 35 28 63 62 50 65 0 53 63 3*0 50 35 29 60 2*50 2*72 63 29 39 29 60 72 53 63 35 0 72 50 29 66 33 0 50 0 53 34 0 60 3*0 63 0 72 0 63 61 29 65 63 29 28 2*0 28 50 61 29 33 21 60 35 22 21 4*28 24 60 24
Ger_Nar_10 18*50 0 2*50 3*0 17*50 0 5*50 0 50 0 2*50 0 50 3*0 50 0 50 0 7*50 0 1 5*50 39 2*50 2*39 4*50 44 50 44
Biz_Biz_20 18*50 0 2*50 3*0 17*50 0 5*50 0 50 0 2*50 0 50 3*0 50 0 50 0 7*50 0 1 5*50 39 2*50 2*39 4*50 44 50 44
Aus_AusII_03 4*0 22 0 100 0 2*50 71 3 17 0 78 76 50 84 0 58 78 3*0 50 16 3 72 2*50 2*100 79 4 25 4 73 100 56 79 16 0 100 50 4 85 11 0 50 0 57 14 0 72 3*0 79 0 100 0 79 75 4 85 78 3 4*0 50 74 2 11 0 72 16 7*0 72 0
Aus_Gri_01 4*0 22 0 100 0 2*50 71 3 17 0 78 76 50 84 0 58 78 3*0 50 16 3 72 2*50 2*100 79 4 25 4 73 100 56 79 16 0 100 50 4 85 11 0 50 0 57 14 0 72 3*0 79 0 100 0 79 75 4 85 78 3 4*0 50 74 2 11 0 72 16 7*0 72 0
Ger_Ger_06 4*21 34 21 79 21 2*50 62 23 31 21 66 65 50 70 0 54 66 3*0 50 30 23 63 2*50 2*79 66 23 36 23 63 79 53 67 30 0 79 50 23 70 28 0 50 0 54 29 0 63 3*0 67 0 79 0 66 64 23 70 66 23 21 2*0 21 50 64 23 28 17 63 31 2*17 4*21 19 63 19
Ger_Nar_04 4*96 76 96 4 96 2*50 31 93 81 96 24 26 50 18 0 43 24 3*0 49 82 93 29 2*50 2*4 23 93 73 93 29 4 45 23 82 0 4 50 93 17 86 0 50 0 44 84 0 29 3*0 23 0 4 0 23 27 93 18 24 93 96 0 1 96 50 28 94 86 75 30 81 2*75 4*96 85 29 84
Biz_Biz_19 4*75 64 75 25 75 2*50 40 73 66 75 36 37 50 33 0 46 36 3*0 50 67 73 39 2*50 2*25 36 73 62 73 39 25 47 36 67 0 25 50 73 33 69 0 50 0 47 68 0 39 3*0 36 0 25 0 36 38 73 33 36 73 75 0 1 75 50 38 74 69 58 39 67 2*58 4*75 66 39 65
Ger_Nar_03 4*96 76 96 4 96 2*50 31 93 81 96 24 26 50 18 0 43 24 3*0 49 82 93 29 2*50 2*4 23 93 73 93 29 4 45 23 82 0 4 50 93 17 86 0 50 0 44 84 0 29 3*0 23 0 4 0 23 27 93 18 24 93 96 0 1 96 50 28 94 86 75 30 81 2*75 4*96 85 29 84
Maw_Maw15_82 4*27 37 27 73 27 2*50 60 29 35 27 63 62 50 66 0 54 63 3*0 50 34 29 60 2*50 2*73 63 29 39 29 60 73 53 63 34 0 73 50 29 66 32 0 50 0 53 33 0 60 3*0 63 0 73 0 63 61 29 66 63 29 27 2*0 27 50 61 28 32 21 60 35 2*21 4*27 24 60 24
Maw_Maw22_07 4*0 22 0 100 0 2*50 71 3 17 0 78 76 50 84 0 58 78 3*0 50 16 3 72 2*50 2*100 79 4 25 4 73 100 56 79 16 0 100 50 4 85 11 0 50 0 57 14 0 72 3*0 79 0 100 0 79 75 4 85 78 3 4*0 50 74 2 11 0 72 16 7*0 72 0
Biz_Biz_23 4*44 47 44 56 44 2*50 52 44 46 44 2*53 50 54 0 51 53 3*0 50 46 45 53 2*50 2*56 53 45 47 45 53 56 51 53 46 0 56 50 45 54 45 0 50 0 51 46 0 53 3*0 53 0 56 0 2*53 45 54 53 2*44 2*0 44 50 53 44 45 34 53 46 2*34 4*44 39 53 39
Ger_Ger_04 4*21 34 21 79 21 2*50 62 23 31 21 66 65 50 70 0 55 66 3*0 50 30 23 63 2*50 2*79 67 23 36 23 63 79 53 67 30 0 79 50 23 70 28 0 50 0 54 29 0 63 3*0 67 0 79 0 67 64 23 70 66 23 21 2*0 21 50 64 22 28 16 63 31 17 16 4*21 19 63 19
Man_Man_21 4*84 69 84 16 84 2*50 36 82 73 84 31 32 50 27 0 45 31 3*0 50 73 82 35 2*50 2*16 30 82 67 82 34 16 46 30 73 0 16 50 82 26 76 0 50 0 45 75 0 35 3*0 30 0 16 0 30 33 82 26 31 82 84 0 1 84 50 34 83 76 65 35 73 66 65 4*84 74 35 74
MawC_Maw11C_09 18*0 100 2*0 3*100 17*0 100 5*0 100 0 100 2*0 100 0 3*100 0 100 0 100 7*0 100 99 5*0 22 2*0 2*22 4*0 12 0 13
Aus_AusII_06 4*0 22 0 100 0 2*50 71 3 17 0 78 76 50 84 0 58 78 3*0 50 16 3 72 2*50 2*100 79 4 25 4 73 100 56 79 16 0 100 50 4 85 11 0 50 0 57 14 0 72 3*0 79 0 100 0 79 75 4 85 78 3 4*0 50 74 2 11 0 72 16 7*0 72 0
Biz_Biz_24 18*50 0 2*50 3*0 17*50 0 5*50 0 50 0 2*50 0 50 3*0 50 0 50 0 7*50 0 1 5*50 39 2*50 2*39 4*50 44 50 44
Ger_Nar_08 4*96 76 96 4 96 2*50 30 93 81 96 24 26 50 18 0 43 24 3*0 49 82 93 29 2*50 2*4 23 93 73 93 29 4 45 23 82 0 4 50 93 17 86 0 50 0 44 84 0 29 3*0 23 0 4 0 23 27 93 18 24 93 96 0 1 96 50 28 94 86 75 30 81 2*75 4*96 85 29 84
Aus_Gri_06 4*15 30 15 85 15 2*50 65 17 26 15 70 68 50 74 0 56 70 3*0 50 26 17 66 2*50 2*85 70 17 33 17 66 85 54 70 26 0 85 50 17 75 23 0 50 0 55 24 0 66 3*0 70 0 85 0 70 68 17 74 70 17 15 2*0 15 50 67 16 23 11 65 26 2*12 4*15 13 66 13
Biz_Biz_21 4*88 72 88 12 88 2*50 34 86 76 88 28 30 50 24 0 44 28 3*0 50 76 86 33 2*50 2*12 28 86 69 86 32 12 45 28 76 0 12 50 86 23 80 0 50 0 45 78 0 33 3*0 28 0 12 0 28 31 86 23 28 86 88 0 1 88 50 32 87 80 69 33 76 2*69 4*88 78 33 77
MawC_Maw11C_10 18*0 100 2*0 3*100 17*0 100 5*0 100 0 100 2*0 100 0 3*100 0 100 0 100 7*0 100 99 5*0 22 2*0 2*22 4*0 12 0 13
Man_Man_05 18*50 0 2*50 3*0 17*50 0 5*50 0 50 0 2*50 0 50 3*0 50 0 50 0 7*50 0 1 5*50 39 2*50 2*39 4*50 44 50 44
MawC_Maw11C_01 18*0 100 2*0 3*100 17*0 100 5*0 100 0 100 2*0 100 0 3*100 0 100 0 100 7*0 100 99 5*0 22 2*0 2*22 4*0 12 0 13
Aus_Gri_09 4*43 46 43 57 43 2*50 53 44 45 43 2*54 50 55 0 51 54 3*0 50 45 44 53 2*50 2*57 54 44 47 44 53 57 51 54 45 0 57 50 44 55 45 0 50 0 51 45 0 53 3*0 54 0 57 0 54 53 44 55 54 44 43 2*0 43 50 53 43 45 34 53 45 2*34 4*43 38 53 38
Man_Man_28 4*86 70 86 14 86 2*50 35 84 74 86 29 31 50 25 0 44 29 3*0 50 75 84 34 2*50 2*14 29 84 68 84 33 14 46 29 75 0 14 50 84 24 78 0 50 0 45 76 0 34 3*0 29 0 14 0 29 32 84 25 29 84 86 0 1 86 50 33 85 78 67 34 75 2*67 4*86 76 34 76
MawC_Maw11C_02 18*0 100 2*0 3*100 17*0 100 5*0 100 0 100 2*0 100 0 3*100 0 100 0 100 7*0 100 99 5*0 22 2*0 2*22 4*0 12 0 13
Man_Man_11 4*28 37 28 72 28 2*50 59 29 35 28 63 62 50 65 0 53 63 3*0 50 35 29 60 2*50 2*72 63 29 39 29 60 72 53 63 35 0 72 50 29 66 33 0 50 0 53 34 0 60 3*0 63 0 72 0 63 61 29 65 63 29 28 2*0 28 50 61 29 33 21 60 35 22 21 4*28 24 60 24
MawC_Maw22C_10 18*0 100 2*0 3*100 17*0 100 5*0 100 0 100 2*0 100 0 3*100 0 100 0 100 7*0 100 99 5*0 22 2*0 2*22 4*0 12 0 12
MawC_Maw11C_07 18*0 100 2*0 3*100 17*0 100 5*0 100 0 100 2*0 100 0 3*100 0 100 0 100 7*0 100 99 5*0 22 2*0 2*22 4*0 12 0 12
MawC_Maw22C_03 18*0 100 2*0 3*100 17*0 100 5*0 100 0 100 2*0 100 0 3*100 0 100 0 100 7*0 100 99 5*0 22 2*0 2*22 4*0 12 0 12
Maw_Maw15_27b 4*21 34 21 79 21 2*50 62 23 31 21 67 65 50 70 0 55 66 3*0 50 30 23 63 2*50 2*79 67 23 36 23 63 79 53 67 30 0 79 50 23 70 28 0 50 0 54 29 0 63 3*0 67 0 79 0 67 65 23 70 67 23 21 2*0 21 50 64 22 28 16 63 30 2*16 4*21 19 63 18
MawC_Maw22C_P11 18*0 100 2*0 3*100 17*0 100 5*0 100 0 100 2*0 100 0 3*100 0 100 0 100 7*0 100 99 5*0 22 2*0 2*22 4*0 12 0 12
Maw_Maw22_08 4*0 22 0 100 0 2*50 71 3 17 0 78 76 50 84 0 58 78 3*0 50 16 3 72 2*50 2*100 79 4 25 4 73 100 56 79 16 0 100 50 4 85 11 0 50 0 57 14 0 72 3*0 79 0 100 0 79 75 4 85 78 3 4*0 50 74 2 11 0 72 16 7*0 72 0
MawC_Maw22C_12 18*0 100 2*0 3*100 17*0 100 5*0 100 0 100 2*0 100 0 3*100 0 100 0 100 7*0 100 99 5*0 22 2*0 2*22 4*0 12 0 12
Maw_Maw15_77 4*21 34 21 79 21 2*50 62 23 31 21 66 65 50 70 0 55 66 3*0 50 30 23 63 2*50 2*79 66 23 36 23 63 79 53 67 30 0 79 50 23 70 28 0 50 0 54 29 0 63 3*0 67 0 79 0 67 64 23 70 66 23 21 2*0 21 50 64 22 28 16 63 31 17 16 4*21 19 63 19
Biz_Biz_13 4*25 36 25 75 25 2*50 61 27 33 25 64 63 50 67 0 54 64 3*0 50 33 27 61 2*50 2*75 64 27 38 27 61 75 53 64 33 0 75 50 27 68 31 0 50 0 53 32 0 61 3*0 65 0 75 0 64 63 27 67 64 27 25 2*0 25 50 62 26 31 19 61 33 2*19 4*25 22 61 22
Ger_Nar_09 4*96 76 96 4 96 2*50 31 93 81 96 24 26 50 18 0 43 24 3*0 49 82 93 29 2*50 2*4 23 93 73 93 29 4 45 23 82 0 4 50 93 17 86 0 50 0 44 84 0 29 3*0 23 0 4 0 23 27 93 18 24 93 96 0 1 96 50 28 94 86 75 30 81 2*75 4*96 85 29 84
Biz_Biz_22 4*15 31 15 85 15 2*50 65 18 27 15 70 68 50 74 0 55 70 3*0 50 26 18 65 2*50 2*85 70 18 33 18 66 85 54 70 26 0 85 50 18 74 23 0 50 0 55 25 0 65 3*0 70 0 85 0 70 67 18 74 70 18 15 2*0 15 50 66 17 23 12 65 27 2*12 4*15 14 65 13
Maw_Maw15_P1 4*22 34 22 78 22 2*50 62 23 31 22 66 65 50 70 0 54 66 3*0 50 31 23 63 2*50 2*78 66 24 36 24 63 78 53 66 31 0 78 50 24 70 28 0 50 0 54 29 0 63 3*0 67 0 78 0 66 64 24 70 66 23 22 2*0 22 50 64 23 28 17 63 31 2*17 4*22 19 63 19
Ger_Nar_06 4*96 76 96 4 96 2*50 30 93 81 96 23 26 50 18 0 43 24 3*0 49 82 93 29 2*50 2*3 23 93 73 93 29 4 44 23 82 0 3 50 93 17 86 0 50 0 44 84 0 29 3*0 23 0 3 0 23 27 93 18 23 93 96 0 1 96 50 28 95 86 75 30 81 2*75 4*96 85 29 84
Zar_Zar_05 4*100 78 100 0 100 50 49 29 97 83 100 21 24 50 16 0 42 22 3*0 49 84 96 28 2*50 2*0 21 96 75 96 27 0 44 21 84 2*0 50 96 15 88 0 50 0 43 86 0 28 3*0 21 3*0 21 25 96 15 21 96 100 0 1 100 50 26 98 89 77 28 84 2*78 4*100 88 28 87
MawC_Maw22C_14 18*0 100 2*0 3*100 17*0 100 5*0 100 0 100 2*0 100 0 3*100 0 100 0 100 7*0 100 99 5*0 22 2*0 2*22 4*0 12 0 12
MawC_Maw22C_15 6*1 0 3*1 0 3*1 2*0 1 0 99 2*0 3*99 3*1 0 2*1 3*0 3*1 4*0 1 99 0 2*1 0 1 99 1 99 0 1 99 0 3*99 0 99 0 99 2*0 1 2*0 2*1 99 98 2*1 0 2*1 23 0 1 2*23 4*1 13 0 13
Zar_Zar_08 4*100 78 100 0 100 50 49 29 97 83 100 21 24 50 16 0 42 22 3*0 49 84 96 28 2*50 2*0 21 96 75 96 27 0 44 21 84 2*0 50 96 15 88 0 50 0 43 86 0 28 3*0 21 3*0 21 25 96 15 21 96 100 0 1 100 50 26 98 89 77 28 84 2*78 4*100 88 28 87
Man_Man_44 18*50 0 2*50 3*0 17*50 0 5*50 0 50 0 2*50 0 50 3*0 50 0 50 0 7*50 0 1 5*50 39 2*50 2*39 4*50 44 50 44
Man_Man_06 4*26 37 26 74 26 2*50 60 28 34 26 63 62 50 66 0 54 63 3*0 50 34 28 61 2*50 2*74 64 28 38 28 61 74 53 64 34 0 74 50 28 67 32 0 50 0 53 33 0 61 3*0 64 0 74 0 64 62 28 66 64 28 26 2*0 26 50 61 27 32 21 60 34 2*21 4*26 23 61 23
Ger_Nar_01 4*98 77 98 2 98 50 49 30 95 82 98 23 25 50 17 0 43 23 3*0 49 83 94 29 2*50 2*2 23 94 74 94 28 2 44 22 83 0 2 50 94 16 87 0 50 0 43 85 0 29 3*0 22 0 2 0 22 26 94 17 23 95 98 0 1 98 50 27 96 87 76 29 82 2*76 4*98 86 29 86
Biz_Biz_01 4*89 72 89 11 89 2*50 34 86 76 89 28 30 50 23 0 44 28 3*0 50 76 86 33 2*50 2*11 28 86 69 86 32 11 45 28 76 0 11 50 86 23 80 0 50 0 45 78 0 33 3*0 28 0 11 0 28 31 86 23 28 86 89 0 1 89 50 32 87 80 69 33 76 2*69 4*89 78 33 78
Wey_Wey_01 4*77 61 77 0 77 39 38 22 75 65 77 17 19 39 12 22 33 17 3*22 38 65 75 21 2*39 2*0 17 75 58 75 21 0 34 16 65 22 0 39 75 11 69 22 39 22 33 67 22 21 3*22 16 22 0 22 16 19 75 12 17 75 77 22 23 77 39 21 76 69 65 22 3*65 4*77 71 21 71
Ger_Ger_02 4*28 38 28 72 28 2*50 59 30 35 28 63 61 50 65 0 53 62 3*0 50 35 30 60 2*50 2*72 63 30 39 30 60 72 53 63 35 0 72 50 30 65 33 0 50 0 53 34 0 60 3*0 63 0 72 0 63 61 30 65 63 30 28 2*0 28 50 60 29 33 22 60 35 2*22 4*28 25 60 25
Man_Man_04 4*84 69 84 16 84 2*50 36 82 73 84 31 33 50 27 0 45 31 3*0 50 73 81 35 2*50 2*16 31 81 67 81 35 16 46 31 73 0 16 50 81 26 76 0 50 0 45 75 0 35 3*0 30 0 16 0 31 33 81 27 31 81 84 0 1 84 50 34 82 76 65 35 73 2*65 4*84 74 35 73
Wey_Wey_04 4*78 61 78 0 78 2*39 23 75 65 78 17 19 39 12 22 33 17 3*22 39 66 75 22 2*39 2*0 17 75 58 75 21 0 34 16 66 22 0 39 75 12 69 22 39 22 34 67 5*22 16 22 0 22 17 19 75 12 17 75 78 22 23 78 39 21 76 69 65 22 65 66 65 4*78 71 22 71
Wey_Wey_05 4*78 61 78 0 78 39 38 23 75 65 78 17 19 39 12 22 33 17 3*22 38 65 75 21 2*39 2*0 17 75 58 75 21 0 34 16 65 22 0 39 75 11 69 22 39 22 34 67 22 21 3*22 16 22 0 22 16 19 75 12 17 75 78 22 23 78 39 21 76 69 65 22 3*65 4*78 71 22 71
Zar_Zar_03 4*100 78 100 0 100 50 49 29 97 83 100 21 24 50 16 0 42 22 3*0 49 84 96 28 2*50 2*0 21 96 75 96 27 0 44 21 84 2*0 50 96 15 88 0 50 0 43 86 0 28 3*0 21 3*0 21 25 96 15 21 96 100 0 1 100 50 26 98 89 77 28 84 2*78 4*100 88 28 87
Zar_Zar_07 4*100 78 100 0 100 50 49 29 97 83 100 21 24 50 16 0 42 22 3*0 49 84 96 28 2*50 2*0 21 96 75 96 27 0 44 21 84 2*0 50 96 15 88 0 50 0 43 86 0 28 3*0 21 3*0 21 25 96 15 21 96 100 0 1 100 50 26 98 89 77 28 84 2*78 4*100 88 28 87
Zar_Zar_02 4*100 78 100 0 100 50 49 29 97 83 100 21 24 50 16 0 42 22 3*0 49 84 96 28 2*50 2*0 21 96 75 96 27 0 44 21 84 2*0 50 96 15 88 0 50 0 43 86 0 28 3*0 21 3*0 21 25 96 15 21 96 100 0 1 100 50 26 98 89 77 28 84 2*78 4*100 88 28 87
Zar_Zar_04 4*100 78 100 0 100 50 49 29 97 83 100 21 24 50 16 0 42 22 3*0 49 84 96 28 2*50 2*0 21 96 75 96 27 0 44 21 84 2*0 50 96 15 88 0 50 0 43 86 0 28 3*0 21 3*0 21 25 96 15 21 96 100 0 1 100 50 26 98 89 77 28 84 2*78 4*100 88 28 87
Wey_Wey_03 4*88 69 88 0 88 2*44 26 85 73 88 19 21 44 14 12 37 19 3*12 44 74 85 24 2*44 2*0 19 85 66 85 24 0 39 19 74 12 0 44 85 13 78 12 44 12 38 76 12 24 3*12 19 12 0 12 19 22 85 14 19 85 88 12 13 88 44 23 86 78 71 25 74 2*71 4*88 79 24 79
Maw_Maw15_75 4*28 38 28 72 28 2*50 59 29 35 28 63 61 50 65 0 53 63 3*0 50 35 29 60 2*50 2*72 63 29 39 29 60 72 53 63 35 0 72 50 29 66 33 0 50 0 53 34 0 60 3*0 63 0 72 0 63 61 29 65 63 29 28 2*0 28 50 61 29 33 22 60 35 2*22 4*28 24 60 24
Wey_Wey_02 4*87 68 87 0 87 2*43 25 85 73 87 19 21 44 14 13 37 19 3*13 43 74 84 24 2*44 2*0 19 84 65 84 24 0 39 19 74 13 0 44 84 13 77 13 44 13 38 75 13 24 3*13 18 13 0 13 19 22 84 13 19 84 87 2*13 87 44 23 86 78 71 25 73 2*71 4*87 79 24 78
