-----------------------------------------------------------------
PopCluster, Version 1.4.0.0, Build 20240115, Expire Date 20270115
              Copyright (C) 2017-2024 Jinliang Wang
        Institute of Zoology, Zoological Society of London
                  Email: jinliang.wang@ioz.ac.uk
-----------------------------------------------------------------


------------------------------
Running parameters and options
------------------------------

Command line arguments:
  C:\ZSL\PopCluster1\PopClusterWin INP:C:\ZSL\PopCluster1\Results\Pcalcareum_ramets\Pcalcareum_ramets.PcPjt MPI:1 OMP:2

Run parameters:
  Number of individuals = 87
  Mean number alleles/locus = 2.00
  Minimum number alleles/locus = 2
  Maximum number alleles/locus = 2
  Number monomorphic loci = 0
  Number polymorphic loci = 15328
  Number all loci = 15328
  Number of assumed populations (K:1-8) = 8
  Random number seed = 123
  Replicate run (out of 10) = 9
  Number of MPI parallel processes used = 4
  Number of openMP threads per MPI process = 2
  Missing value = -9
  LocusAdmixQ = 0
  Parameter file = C:\ZSL\PopCluster1\Results\Pcalcareum_ramets\Pcalcareum_ramets.PcPjt
  Genotype file = C:\ZSL\PopCluster1\Results\Pcalcareum_ramets\Pcalcareum_ramets.dat
  PopDataQ = 0
  PopFlagQ = 0
  OutAlleleFre = 0
  Model = 2
  Scaling = 2
  AllSNP = 1
  UseKMeans = 0
  LocusFst = 0
  DataForm = 0
  Search method = AssignProb
  Allele frequency prior = Equal
    (Frequency prior reset from 2 to 1 due to Scaling > 0)


---------------------------------------
Summary of analyses of Run = 9 at K = 8
---------------------------------------
Run      WeekDay   Date(D/M/Y) Time(S/M/H)
Started  Tuesday   09/09/2025  07/24/08
Finished Tuesday   09/09/2025  55/32/11

Clustering analysis:
  LogL, NumIter = -2.4877327258E+05, 424452
  TimeTaken(WallClock second) = 108

Admixture analysis:
  Tol, NumIter = 9.7341952472E-08, 46
  TimeTaken(WallClock second) = 12


----------------------------
Distribution of missing data
----------------------------
  #MissGtype       #Loci
           0       15328

A genotype with both alleles missing is counted
  as a missing genotype (MissGtype)
A monomorphic locus is counted as having 87 MissGtype


---------------------------
Clustering analysis results
---------------------------
Estimated cluster of individuals 1~87
           Label  #Hom  #Het #Mis       F ML_C
      Zar_Zar_10 12221  3107    0  0.0284    1
      Zar_Zar_06 12279  3049    0  0.0384    1
      Zar_Zar_11 12343  2985    0  0.0410    1
      Zar_Zar_12 12415  2913    0  0.0596    1
      Aus_Gri_15 11544  3784    0 -0.0486    1
      Aus_Gri_12 12180  3148    0  0.0324    1
    Maw_Maw22_04 11238  4090    0  0.0052    6
      Man_Man_08 12253  3075    0  0.0349    1
      Biz_Biz_06 11281  4047    0 -0.0863    3
      Man_Man_24 11359  3969    0 -0.0692    3
      Ger_Ger_01 10273  5055    0 -0.1932    3
      Ger_Nar_07 11440  3888    0 -0.0832    5
      Aus_Gri_13 11778  3550    0 -0.0261    1
      Zar_Zar_01 12497  2831    0  0.0744    1
    Maw_Maw15_84 10367  4961    0 -0.1894    3
      Aus_Gri_11 10422  4906    0 -0.1681    3
      Man_Man_07 11237  4091    0 -0.0686    3
      Aus_Gri_14 10364  4964    0 -0.1811    3
  MawC_Maw22C_06  5043 10285    0 -0.5336    2
      Biz_Biz_12 11406  3922    0 -0.0327    3
      Ger_Ger_05 10441  4887    0 -0.1737    3
  MawC_Maw11C_04  6555  8773    0 -0.1679    8
  MawC_Maw22C_16  5153 10175    0 -0.5089    2
  MawC_Maw11C_06  5862  9466    0 -0.3466    2
      Man_Man_10 11202  4126    0 -0.0783    3
      Man_Man_03 11762  3566    0 -0.0241    1
      Ger_Nar_02 11417  3911    0 -0.0847    5
      Ger_Nar_05 10439  4889    0 -0.1788    3
      Ger_Nar_10 11186  4142    0 -0.0856    3
      Biz_Biz_20 11713  3615    0 -0.0173    3
    Aus_AusII_03 10649  4679    0 -0.0793    6
      Aus_Gri_01 10669  4659    0 -0.0758    6
      Ger_Ger_06 10356  4972    0 -0.1867    3
      Ger_Nar_04 11400  3928    0 -0.0865    5
      Biz_Biz_19 11501  3827    0 -0.0622    3
      Ger_Nar_03 11409  3919    0 -0.0855    5
    Maw_Maw15_82 10422  4906    0 -0.1751    3
    Maw_Maw22_07 11196  4132    0  0.0002    6
      Biz_Biz_23 11446  3882    0 -0.0356    3
      Ger_Ger_04 10313  5015    0 -0.1926    3
      Man_Man_21 11845  3483    0 -0.0095    1
  MawC_Maw11C_09  5348  9980    0 -0.4848    2
    Aus_AusII_06 10670  4658    0 -0.0778    6
      Biz_Biz_24 11469  3859    0 -0.0539    3
      Ger_Nar_08 11418  3910    0 -0.0849    5
      Aus_Gri_06 10379  4949    0 -0.1734    3
      Biz_Biz_21 11636  3692    0 -0.0412    1
  MawC_Maw11C_10  5270 10058    0 -0.4916    2
      Man_Man_05 11035  4293    0 -0.1186    3
  MawC_Maw11C_01  6302  9026    0 -0.2184    7
      Aus_Gri_09 11276  4052    0 -0.0647    3
      Man_Man_28 12086  3242    0  0.0138    1
  MawC_Maw11C_02  5573  9755    0 -0.4118    2
      Man_Man_11 10354  4974    0 -0.1833    3
  MawC_Maw22C_10  5113 10215    0 -0.5241    2
  MawC_Maw11C_07  5335  9993    0 -0.4620    2
  MawC_Maw22C_03  5148 10180    0 -0.5090    2
   Maw_Maw15_27b 10406  4922    0 -0.1776    3
 MawC_Maw22C_P11  5104 10224    0 -0.5239    2
    Maw_Maw22_08 10814  4514    0 -0.0441    6
  MawC_Maw22C_12  5119 10209    0 -0.5139    2
    Maw_Maw15_77 10397  4931    0 -0.1867    3
      Biz_Biz_13 10458  4870    0 -0.1669    3
      Ger_Nar_09 11435  3893    0 -0.0832    5
      Biz_Biz_22 10340  4988    0 -0.1842    3
    Maw_Maw15_P1 10545  4783    0 -0.1657    3
      Ger_Nar_06 11406  3922    0 -0.0865    5
      Zar_Zar_05 12391  2937    0  0.0514    1
  MawC_Maw22C_14  5081 10247    0 -0.5200    2
  MawC_Maw22C_15  5251 10077    0 -0.4785    2
      Zar_Zar_08 12363  2965    0  0.0476    1
      Man_Man_44 11467  3861    0 -0.0351    3
      Man_Man_06 10286  5042    0 -0.1873    3
      Ger_Nar_01 11582  3746    0 -0.0645    5
      Biz_Biz_01 11664  3664    0 -0.0389    1
      Wey_Wey_01 10997  4331    0 -0.0523    4
      Ger_Ger_02 10392  4936    0 -0.1803    3
      Man_Man_04 12025  3303    0  0.0178    1
      Wey_Wey_04 11215  4113    0 -0.0131    4
      Wey_Wey_05 11029  4299    0 -0.0480    4
      Zar_Zar_03 12133  3195    0  0.0087    1
      Zar_Zar_07 12233  3095    0  0.0409    1
      Zar_Zar_02 12317  3011    0  0.0473    1
      Zar_Zar_04 12342  2986    0  0.0423    1
      Wey_Wey_03 11127  4201    0 -0.0673    4
    Maw_Maw15_75 10341  4987    0 -0.1847    3
      Wey_Wey_02 11150  4178    0 -0.0667    4

Column note
  1-Individual Label (Label)
  2-Number Homozygotes (#Hom)
  3-Number Heterozygotes (#Het)
  4-Number (partial) Missing Genotypes (#Mis)
  5-Individual Inbreeding (F)
  6-ML ClusterID (ML_C)

%individuals with F < -1/(#individuals) = 0.7701


----------------------------------------
Inferred clusters: F-Statistics analysis
----------------------------------------
Cluster #Members     Fst     Fis     Fit
      1       21  0.4112 -0.2439  0.2676
      2       13 -0.1937 -0.9193 -1.2911
      3       32  0.2277 -0.3411 -0.0357
      4        5  0.3475 -0.4735  0.0385
      5        8  0.5356 -0.9064  0.1147
      6        6  0.3825 -0.6423 -0.0140
      7        1  1.0000  0.0000  1.0000
      8        1  1.0000  0.0000  1.0000


--------------------------------
Inferred Fst between populations
--------------------------------
    Pop#    Pop1    Pop2    Pop3    Pop4    Pop5    Pop6    Pop7    Pop8
    Pop1  0.5335
    Pop2  0.3948  0.0521
    Pop3  0.1608  0.3405  0.3956
    Pop4  0.2302  0.3154  0.2563  0.3875
    Pop5  0.2000  0.3984  0.1854  0.2976  0.5361
    Pop6  0.3470  0.3644  0.1352  0.3721  0.3169  0.4497
    Pop7  0.3735  0.0867  0.3254  0.3083  0.3796  0.3463 -0.1762
    Pop8  0.3602  0.0495  0.3068  0.2890  0.3634  0.3299  0.0887 -0.0539

NOTE: Fst(i,i) is Fst for pop i from all populations (including i)
      Fst(i,j) (i<j) is Fst between populations i and j


------------------
Admixture analysis
------------------
Inferred ancestry of individuals 1~87 (%Miss includes monomorphic loci)
Index Order           Label %Miss Cluster : Inferred ancestry in clusters 1~8
    1     3      Zar_Zar_10   0.0       1 : 1.000 0.000 0.000 0.000 0.000 0.000 0.000 0.000
    2    11      Zar_Zar_06   0.0       1 : 0.999 0.000 0.000 0.000 0.001 0.000 0.000 0.000
    3     5      Zar_Zar_11   0.0       1 : 1.000 0.000 0.000 0.000 0.000 0.000 0.000 0.000
    4     9      Zar_Zar_12   0.0       1 : 0.999 0.000 0.000 0.000 0.001 0.000 0.000 0.000
    5    21      Aus_Gri_15   0.0       1 : 0.694 0.000 0.288 0.000 0.012 0.006 0.000 0.000
    6    13      Aus_Gri_12   0.0       1 : 0.996 0.000 0.000 0.000 0.004 0.000 0.000 0.000
    7    84    Maw_Maw22_04   0.0       6 : 0.002 0.000 0.001 0.000 0.045 0.952 0.000 0.000
    8    10      Man_Man_08   0.0       1 : 0.999 0.000 0.000 0.000 0.001 0.000 0.000 0.000
    9    47      Biz_Biz_06   0.0       3 : 0.410 0.000 0.517 0.000 0.068 0.005 0.000 0.000
   10    64      Man_Man_24   0.0       3 : 0.317 0.004 0.320 0.070 0.109 0.074 0.053 0.053
   11    62      Ger_Ger_01   0.0       3 : 0.269 0.000 0.343 0.001 0.044 0.342 0.000 0.001
   12    77      Ger_Nar_07   0.0       5 : 0.000 0.000 0.000 0.000 1.000 0.000 0.000 0.000
   13    19      Aus_Gri_13   0.0       1 : 0.784 0.000 0.122 0.000 0.046 0.048 0.000 0.000
   14     1      Zar_Zar_01   0.0       1 : 1.000 0.000 0.000 0.000 0.000 0.000 0.000 0.000
   15    43    Maw_Maw15_84   0.0       3 : 0.002 0.000 0.986 0.000 0.009 0.003 0.000 0.000
   16    46      Aus_Gri_11   0.0       3 : 0.235 0.000 0.541 0.000 0.002 0.222 0.000 0.000
   17    52      Man_Man_07   0.0       3 : 0.434 0.000 0.435 0.001 0.024 0.106 0.000 0.000
   18    36      Aus_Gri_14   0.0       3 : 0.001 0.000 0.996 0.000 0.001 0.002 0.000 0.000
   19    25  MawC_Maw22C_06   0.0       2 : 0.000 0.998 0.000 0.000 0.000 0.000 0.000 0.002
   20    56      Biz_Biz_12   0.0       3 : 0.410 0.000 0.411 0.001 0.006 0.172 0.000 0.000
   21    39      Ger_Ger_05   0.0       3 : 0.002 0.000 0.996 0.000 0.001 0.001 0.000 0.000
   22    87  MawC_Maw11C_04   0.0       8 : 0.000 0.001 0.000 0.000 0.000 0.000 0.000 0.999
   23    23  MawC_Maw22C_16   0.0       2 : 0.000 0.999 0.000 0.000 0.000 0.000 0.000 0.001
   24    34  MawC_Maw11C_06   0.0       2 : 0.000 0.978 0.000 0.000 0.000 0.000 0.000 0.022
   25    65      Man_Man_10   0.0       3 : 0.316 0.004 0.316 0.079 0.094 0.079 0.056 0.056
   26    16      Man_Man_03   0.0       1 : 0.934 0.000 0.012 0.000 0.001 0.053 0.000 0.000
   27    75      Ger_Nar_02   0.0       5 : 0.000 0.000 0.000 0.000 1.000 0.000 0.000 0.000
   28    54      Ger_Nar_05   0.0       3 : 0.302 0.000 0.422 0.000 0.003 0.273 0.000 0.000
   29    55      Ger_Nar_10   0.0       3 : 0.410 0.001 0.413 0.022 0.083 0.048 0.011 0.012
   30    49      Biz_Biz_20   0.0       3 : 0.447 0.000 0.449 0.014 0.050 0.026 0.007 0.007
   31    81    Aus_AusII_03   0.0       6 : 0.000 0.000 0.000 0.000 0.000 1.000 0.000 0.000
   32    80      Aus_Gri_01   0.0       6 : 0.000 0.000 0.000 0.000 0.000 1.000 0.000 0.000
   33    35      Ger_Ger_06   0.0       3 : 0.002 0.000 0.996 0.000 0.001 0.001 0.000 0.000
   34    72      Ger_Nar_04   0.0       5 : 0.000 0.000 0.000 0.000 1.000 0.000 0.000 0.000
   35    66      Biz_Biz_19   0.0       3 : 0.279 0.010 0.280 0.090 0.119 0.082 0.070 0.070
   36    76      Ger_Nar_03   0.0       5 : 0.000 0.000 0.000 0.000 1.000 0.000 0.000 0.000
   37    59    Maw_Maw15_82   0.0       6 : 0.225 0.000 0.367 0.003 0.035 0.368 0.001 0.001
   38    85    Maw_Maw22_07   0.0       6 : 0.002 0.000 0.001 0.000 0.046 0.951 0.000 0.000
   39    44      Biz_Biz_23   0.0       3 : 0.328 0.000 0.609 0.000 0.007 0.056 0.000 0.000
   40    40      Ger_Ger_04   0.0       3 : 0.002 0.000 0.995 0.000 0.001 0.002 0.000 0.000
   41    15      Man_Man_21   0.0       1 : 0.936 0.000 0.010 0.000 0.001 0.053 0.000 0.000
   42    32  MawC_Maw11C_09   0.0       2 : 0.000 0.991 0.000 0.000 0.000 0.000 0.001 0.008
   43    83    Aus_AusII_06   0.0       6 : 0.000 0.000 0.000 0.000 0.000 1.000 0.000 0.000
   44    48      Biz_Biz_24   0.0       3 : 0.460 0.000 0.461 0.009 0.040 0.020 0.005 0.005
   45    78      Ger_Nar_08   0.0       5 : 0.000 0.000 0.000 0.000 1.000 0.000 0.000 0.000
   46    38      Aus_Gri_06   0.0       3 : 0.001 0.000 0.996 0.000 0.001 0.002 0.000 0.000
   47    18      Biz_Biz_21   0.0       1 : 0.821 0.000 0.137 0.000 0.041 0.001 0.000 0.000
   48    27  MawC_Maw11C_10   0.0       2 : 0.000 0.996 0.000 0.000 0.000 0.000 0.001 0.003
   49    53      Man_Man_05   0.0       3 : 0.422 0.000 0.423 0.019 0.085 0.031 0.010 0.010
   50    86  MawC_Maw11C_01   0.0       7 : 0.051 0.266 0.051 0.078 0.058 0.065 0.267 0.164
   51    58      Aus_Gri_09   0.0       1 : 0.405 0.001 0.404 0.001 0.015 0.173 0.000 0.001
   52    20      Man_Man_28   0.0       1 : 0.770 0.000 0.081 0.000 0.106 0.043 0.000 0.000
   53    31  MawC_Maw11C_02   0.0       2 : 0.000 0.992 0.000 0.000 0.000 0.000 0.001 0.007
   54    50      Man_Man_11   0.0       3 : 0.245 0.000 0.450 0.000 0.044 0.261 0.000 0.000
   55    29  MawC_Maw22C_10   0.0       2 : 0.000 0.996 0.000 0.000 0.000 0.000 0.001 0.003
   56    28  MawC_Maw11C_07   0.0       2 : 0.000 0.996 0.000 0.000 0.000 0.000 0.001 0.003
   57    26  MawC_Maw22C_03   0.0       2 : 0.000 0.998 0.000 0.000 0.000 0.000 0.000 0.002
   58    60   Maw_Maw15_27b   0.0       3 : 0.267 0.000 0.365 0.001 0.004 0.363 0.000 0.000
   59    30 MawC_Maw22C_P11   0.0       2 : 0.000 0.994 0.000 0.000 0.000 0.000 0.001 0.005
   60    82    Maw_Maw22_08   0.0       6 : 0.000 0.000 0.000 0.000 0.000 1.000 0.000 0.000
   61    22  MawC_Maw22C_12   0.0       2 : 0.000 0.999 0.000 0.000 0.000 0.000 0.000 0.001
   62    42    Maw_Maw15_77   0.0       3 : 0.001 0.000 0.988 0.000 0.008 0.003 0.000 0.000
   63    57      Biz_Biz_13   0.0       3 : 0.269 0.000 0.412 0.000 0.017 0.302 0.000 0.000
   64    74      Ger_Nar_09   0.0       5 : 0.000 0.000 0.000 0.000 1.000 0.000 0.000 0.000
   65    37      Biz_Biz_22   0.0       3 : 0.001 0.000 0.996 0.000 0.001 0.002 0.000 0.000
   66    41    Maw_Maw15_P1   0.0       3 : 0.002 0.000 0.988 0.000 0.007 0.003 0.000 0.000
   67    79      Ger_Nar_06   0.0       5 : 0.000 0.000 0.000 0.000 1.000 0.000 0.000 0.000
   68     4      Zar_Zar_05   0.0       1 : 1.000 0.000 0.000 0.000 0.000 0.000 0.000 0.000
   69    24  MawC_Maw22C_14   0.0       2 : 0.000 0.998 0.000 0.000 0.000 0.000 0.001 0.001
   70    33  MawC_Maw22C_15   0.0       2 : 0.009 0.990 0.000 0.000 0.001 0.000 0.000 0.000
   71     2      Zar_Zar_08   0.0       1 : 1.000 0.000 0.000 0.000 0.000 0.000 0.000 0.000
   72    51      Man_Man_44   0.0       3 : 0.441 0.000 0.441 0.010 0.046 0.054 0.004 0.004
   73    45      Man_Man_06   0.0       3 : 0.206 0.000 0.542 0.000 0.034 0.218 0.000 0.000
   74    73      Ger_Nar_01   0.0       5 : 0.000 0.000 0.000 0.000 1.000 0.000 0.000 0.000
   75    17      Biz_Biz_01   0.0       1 : 0.822 0.000 0.135 0.000 0.042 0.001 0.000 0.000
   76    67      Wey_Wey_01   0.0       4 : 0.000 0.000 0.000 1.000 0.000 0.000 0.000 0.000
   77    61      Ger_Ger_02   0.0       3 : 0.298 0.000 0.344 0.001 0.014 0.343 0.000 0.000
   78    14      Man_Man_04   0.0       1 : 0.937 0.000 0.010 0.000 0.000 0.053 0.000 0.000
   79    69      Wey_Wey_04   0.0       4 : 0.000 0.000 0.000 1.000 0.000 0.000 0.000 0.000
   80    68      Wey_Wey_05   0.0       4 : 0.000 0.000 0.000 1.000 0.000 0.000 0.000 0.000
   81     7      Zar_Zar_03   0.0       1 : 1.000 0.000 0.000 0.000 0.000 0.000 0.000 0.000
   82     8      Zar_Zar_07   0.0       1 : 0.999 0.000 0.000 0.000 0.001 0.000 0.000 0.000
   83    12      Zar_Zar_02   0.0       1 : 0.999 0.000 0.000 0.000 0.001 0.000 0.000 0.000
   84     6      Zar_Zar_04   0.0       1 : 1.000 0.000 0.000 0.000 0.000 0.000 0.000 0.000
   85    71      Wey_Wey_03   0.0       4 : 0.476 0.000 0.000 0.477 0.001 0.000 0.035 0.011
   86    63    Maw_Maw15_75   0.0       3 : 0.315 0.000 0.338 0.001 0.009 0.337 0.000 0.000
   87    70      Wey_Wey_02   0.0       4 : 0.461 0.000 0.000 0.519 0.000 0.000 0.020 0.000


----------------------------------------------------------
Pairwise co-assignment probability from admixture analysis
----------------------------------------------------------
Inferred co-assignment probability between an individual in a row (i) and an individual in a column (j)
  Individuals in both row i and column j are ordered as in the genotype data. Values are c(i,j)*100
Zar_Zar_10 4*100 69 100 0 100 41 32 27 0 78 100 0 23 43 2*0 41 4*0 32 93 0 30 41 45 4*0 28 0 22 0 33 0 94 2*0 46 2*0 82 0 42 5 40 77 0 25 3*0 27 4*0 27 4*0 100 0 1 100 44 21 0 82 0 30 94 2*0 4*100 48 31 46
Zar_Zar_06 4*100 69 99 0 100 41 32 27 0 78 100 0 23 43 2*0 41 4*0 32 93 0 30 41 45 4*0 28 0 22 0 33 0 94 2*0 46 2*0 82 0 42 5 40 77 0 24 3*0 27 4*0 27 4*0 100 0 1 100 44 21 0 82 0 30 94 2*0 4*100 48 31 46
Zar_Zar_11 4*100 69 100 0 100 41 32 27 0 78 100 0 23 43 2*0 41 4*0 32 93 0 30 41 45 4*0 28 0 22 0 33 0 94 2*0 46 2*0 82 0 42 5 40 77 0 25 3*0 27 4*0 27 4*0 100 0 1 100 44 21 0 82 0 30 94 2*0 4*100 48 31 46
Zar_Zar_12 4*100 69 99 0 100 41 32 27 0 78 100 0 23 43 2*0 41 4*0 32 93 0 30 41 45 4*0 28 0 22 0 33 0 94 2*0 46 2*0 82 0 42 5 40 77 0 24 3*0 27 4*0 27 4*0 100 0 1 100 44 21 0 82 0 30 94 2*0 4*100 48 31 46
Aus_Gri_15 4*69 56 69 1 69 43 31 29 1 58 69 29 32 43 29 0 40 29 3*0 31 65 1 33 40 44 2*1 29 1 28 1 26 1 40 29 65 0 1 45 1 29 61 0 42 5 40 56 0 30 3*0 29 0 1 0 29 31 1 2*29 1 69 0 1 69 43 30 1 61 0 31 65 2*0 4*69 33 2*32
Aus_Gri_12 100 99 100 99 69 99 0 99 41 32 27 0 78 100 0 23 43 2*0 41 4*0 31 93 0 30 41 45 4*0 28 0 22 0 33 0 93 2*0 46 2*0 82 0 42 5 40 77 0 24 3*0 27 4*0 27 4*0 100 0 1 100 44 21 0 82 0 30 93 2*0 100 2*99 100 47 31 46
Maw_Maw22_04 4*0 1 0 91 0 1 8 33 2*5 2*0 21 10 2*0 16 4*0 8 2*5 26 5 3 2*95 0 5 8 5 35 91 5 0 5 0 95 2 5 3*0 3 6 17 5 0 25 3*0 35 0 95 2*0 29 5 2*0 5 4*0 5 21 5 2*0 33 5 7*0 32 0
Man_Man_08 4*100 69 99 0 100 41 32 27 0 78 100 0 23 43 2*0 41 4*0 32 93 0 30 41 45 4*0 28 0 22 0 33 0 94 2*0 46 2*0 82 0 42 5 40 77 0 24 3*0 27 4*0 27 4*0 100 0 1 100 44 21 0 82 0 30 94 2*0 4*100 48 31 46
Biz_Biz_06 4*41 43 41 1 41 44 30 29 7 39 41 51 38 41 52 0 38 52 3*0 30 39 7 34 39 42 2*1 52 7 27 7 29 1 45 51 39 0 1 43 7 51 41 0 40 5 38 36 0 34 3*0 30 0 1 0 51 33 7 52 51 7 41 2*0 2*41 37 7 41 0 30 39 2*0 4*41 20 31 19
Man_Man_24 4*32 31 32 8 32 30 2*23 11 30 2*32 26 29 32 0 28 32 5 2*0 23 30 11 25 28 29 2*7 32 11 21 11 22 8 30 32 30 0 7 30 11 32 31 0 28 7 27 28 0 25 3*0 23 0 7 0 32 24 11 2*32 11 32 0 1 32 29 26 11 31 7 23 30 2*7 4*32 19 23 18
Ger_Ger_01 4*27 29 27 33 27 29 23 31 4 2*27 34 32 30 34 0 31 34 3*0 22 27 4 32 27 29 3*34 4 20 4 31 33 32 34 27 0 34 29 4 34 27 0 27 6 31 25 0 31 3*0 32 0 34 0 34 32 4 2*34 4 27 2*0 27 29 32 4 27 0 32 27 2*0 4*27 13 32 12
Ger_Nar_07 4*0 1 0 5 0 7 11 4 100 5 0 1 0 2 2*0 1 4*0 9 0 100 0 8 5 3*0 100 12 100 3 5 1 4*0 4 100 0 4 0 9 6 2 11 0 4 7*0 1 2 100 0 1 100 4*0 5 3 100 4 0 1 8*0 1 0
Aus_Gri_13 4*78 58 78 5 78 39 30 27 5 63 78 12 26 40 12 0 38 12 3*0 29 74 5 30 38 41 2*5 12 5 26 5 24 5 33 12 74 0 5 42 5 12 66 0 39 5 38 62 0 26 3*0 27 0 5 0 12 28 5 2*12 5 78 0 1 78 40 24 5 66 0 29 74 2*0 4*78 37 30 36
Zar_Zar_01 4*100 69 100 0 100 41 32 27 0 78 100 0 23 43 2*0 41 4*0 32 93 0 30 41 45 4*0 28 0 22 0 33 0 94 2*0 46 2*0 82 0 42 5 40 77 0 25 3*0 27 4*0 27 4*0 100 0 1 100 44 21 0 82 0 30 94 2*0 4*100 48 31 46
Maw_Maw15_84 4*0 29 3*0 51 32 34 1 12 0 97 53 43 98 0 41 98 3*0 31 2*1 42 41 44 2*0 98 1 28 1 36 0 60 98 1 2*0 46 1 98 14 0 42 5 40 8 0 45 3*0 36 3*0 97 41 1 2*98 1 4*0 44 54 1 13 0 34 1 7*0 33 0
Aus_Gri_11 4*23 32 23 21 23 38 26 32 0 26 23 53 40 36 54 0 36 54 3*0 26 24 0 36 33 35 2*22 54 0 24 0 33 21 42 54 24 0 22 36 0 54 27 0 33 5 35 23 0 36 3*0 34 0 22 0 54 35 0 2*54 0 23 2*0 23 35 39 0 27 0 33 24 2*0 4*23 11 33 11
Man_Man_07 6*43 10 43 41 29 30 2 40 2*43 36 39 43 0 38 43 3*0 29 42 2 34 37 39 2*11 43 2 25 2 30 10 41 43 42 0 11 40 2 43 42 0 37 5 37 38 0 33 3*0 31 0 11 0 43 33 2 2*43 2 43 2*0 43 39 35 2 42 0 32 42 2*0 4*43 21 32 20
Aus_Gri_14 4*0 29 3*0 51 32 34 0 12 0 98 54 43 99 0 41 99 3*0 31 1 0 42 41 45 2*0 99 0 28 0 37 0 61 99 1 2*0 46 0 99 14 0 42 5 40 8 0 45 3*0 36 3*0 98 41 0 99 98 5*0 44 54 0 13 0 34 1 7*0 34 0
MawC_Maw22C_06 18*0 100 3*0 100 98 10*0 1 6*0 99 5*0 99 0 27 2*0 99 0 2*99 100 0 99 0 100 7*0 100 99 17*0
Biz_Biz_12 4*41 40 41 17 41 38 27 31 1 38 2*41 36 38 41 0 37 41 3*0 27 40 1 34 35 37 2*17 41 1 24 1 31 17 39 41 40 0 17 38 1 41 39 0 35 5 2*36 0 33 3*0 32 0 17 0 41 33 1 2*41 1 41 2*0 41 37 35 1 39 0 32 40 2*0 4*41 20 33 19
Ger_Ger_05 4*0 29 3*0 52 32 34 0 12 0 98 54 43 99 0 41 99 3*0 32 1 0 42 41 45 2*0 99 0 28 0 37 0 61 99 1 2*0 46 0 99 14 0 42 5 40 8 0 45 3*0 36 3*0 98 41 0 99 98 5*0 44 54 0 14 0 34 1 7*0 34 0
MawC_Maw11C_04 9*0 5 11*0 100 0 2 6 3*0 2*1 4*0 7 6*0 1 6*0 1 16 2*0 1 31*0 1 2*0
MawC_Maw22C_16 18*0 100 3*0 100 98 10*0 1 6*0 99 5*0 100 0 27 2*0 99 0 3*100 0 99 0 100 7*0 100 99 17*0
MawC_Maw11C_06 18*0 98 2*0 2 98 96 1 9*0 1 6*0 97 5*0 97 0 26 2*0 97 0 2*97 98 0 97 0 98 7*0 98 97 17*0
Man_Man_10 4*32 2*31 8 32 30 23 22 9 29 32 31 26 29 32 0 27 32 6 0 1 23 30 9 25 27 29 2*8 32 9 21 9 22 8 30 31 30 0 8 30 9 32 31 0 28 7 27 28 0 24 3*0 23 0 8 0 31 24 9 32 31 9 32 0 1 32 29 26 9 31 8 23 30 2*8 4*32 19 23 19
Man_Man_03 4*93 65 93 5 93 39 30 27 0 74 93 1 24 42 1 0 40 1 3*0 30 88 0 30 39 42 2*5 1 0 27 0 23 5 32 1 88 0 5 44 0 1 77 0 40 5 39 72 0 25 3*0 27 0 5 0 1 27 0 2*1 0 93 0 1 93 42 21 0 77 0 30 88 2*0 4*93 44 32 43
Ger_Nar_02 4*0 1 0 5 0 7 11 4 100 5 0 1 0 2 2*0 1 4*0 9 0 100 0 8 5 3*0 100 12 100 3 5 1 4*0 4 100 0 4 0 9 6 2 11 0 4 7*0 1 2 100 0 1 100 4*0 5 3 100 4 0 1 8*0 1 0
Ger_Nar_05 4*30 33 30 26 30 34 25 32 0 2*30 42 36 34 42 0 34 42 3*0 25 30 0 34 31 33 2*27 42 0 23 0 32 26 37 42 30 0 27 34 0 42 31 0 31 5 34 28 0 34 3*0 33 0 27 0 42 34 0 2*42 0 30 2*0 30 33 35 0 31 0 33 30 2*0 4*30 14 33 14
Ger_Nar_10 4*41 40 41 5 41 39 28 27 8 38 2*41 33 37 41 0 35 41 1 2*0 27 39 8 31 35 37 2*5 41 8 25 8 26 5 39 41 39 0 5 38 8 41 40 0 36 6 34 36 0 30 3*0 28 0 5 0 41 30 8 2*41 8 41 2*0 41 37 32 8 40 2 28 39 2*2 4*41 21 29 20
Biz_Biz_20 4*45 44 45 3 45 42 2*29 5 41 45 44 35 39 45 0 37 45 1 2*0 29 42 5 33 37 40 2*3 45 5 26 5 28 3 42 45 42 0 3 42 5 45 43 0 38 5 37 39 0 32 3*0 29 0 3 0 44 31 5 45 44 5 45 2*0 45 40 34 5 43 1 30 42 2*1 4*45 22 30 21
Aus_AusII_03 4*0 1 0 95 0 1 7 34 0 5 2*0 22 11 2*0 17 4*0 8 5 0 27 5 3 2*100 2*0 8 0 37 95 6 0 5 0 100 2 4*0 3 6 17 4 0 26 3*0 36 0 100 2*0 30 8*0 5 22 3*0 34 5 7*0 34 0
Aus_Gri_01 4*0 1 0 95 0 1 7 34 0 5 2*0 22 11 2*0 17 4*0 8 5 0 27 5 3 2*100 2*0 8 0 37 95 6 0 5 0 100 2 4*0 3 6 17 4 0 26 3*0 36 0 100 2*0 30 8*0 5 22 3*0 34 5 7*0 34 0
Ger_Ger_06 4*0 29 3*0 52 32 34 0 12 0 98 54 43 99 0 41 99 3*0 32 1 0 42 41 45 2*0 99 0 28 0 37 0 61 99 1 2*0 46 0 99 14 0 42 5 40 8 0 45 3*0 37 3*0 98 41 0 99 98 5*0 44 54 0 14 0 34 1 7*0 34 0
Ger_Nar_04 4*0 1 0 5 0 7 11 4 100 5 0 1 0 2 2*0 1 4*0 9 0 100 0 8 5 3*0 100 12 100 3 5 1 4*0 4 100 0 4 0 9 6 2 11 0 4 7*0 1 2 100 0 1 100 4*0 5 3 100 4 0 1 8*0 1 0
Biz_Biz_19 6*28 8 28 27 21 20 12 26 2*28 24 25 28 1 24 28 7 2*1 21 27 12 23 25 26 2*8 28 12 20 12 20 8 27 28 27 1 8 27 12 28 27 1 25 8 24 25 1 22 3*1 21 1 8 1 28 22 12 2*28 12 28 2*1 28 26 23 12 27 9 21 27 2*9 4*28 18 21 18
Ger_Nar_03 4*0 1 0 5 0 7 11 4 100 5 0 1 0 2 2*0 1 4*0 9 0 100 0 8 5 3*0 100 12 100 3 5 1 4*0 4 100 0 4 0 9 6 2 11 0 4 7*0 1 2 100 0 1 100 4*0 5 3 100 4 0 1 8*0 1 0
Maw_Maw15_82 4*22 26 22 35 22 29 22 31 4 24 22 36 33 30 37 0 31 37 3*0 22 23 4 32 26 28 3*37 4 20 4 32 35 32 37 23 0 37 28 4 37 24 0 26 6 30 22 0 32 3*0 33 0 37 0 36 32 4 37 36 4 22 2*0 22 28 33 4 24 0 32 23 2*0 4*22 11 32 11
Maw_Maw22_07 4*0 1 0 91 0 1 8 33 2*5 2*0 21 10 2*0 16 4*0 8 2*5 26 5 3 2*95 0 5 8 5 35 91 5 0 5 0 95 2 5 3*0 3 6 17 5 0 25 3*0 35 0 95 2*0 29 5 2*0 5 4*0 5 21 5 2*0 33 5 7*0 32 0
Biz_Biz_23 4*33 40 33 5 33 45 30 32 1 2*33 60 42 41 61 0 39 61 3*0 30 32 1 37 39 42 2*6 61 1 27 1 32 5 48 61 32 0 6 43 1 61 35 0 40 5 39 31 0 37 3*0 33 0 6 0 60 36 1 61 60 1 33 2*0 33 42 41 1 35 0 33 32 2*0 4*33 16 33 15
Ger_Ger_04 4*0 29 3*0 51 32 34 0 12 0 98 54 43 99 0 41 99 3*0 31 1 0 42 41 45 2*0 99 0 28 0 37 0 61 99 1 2*0 46 0 99 14 0 42 5 40 8 0 45 3*0 36 3*0 98 41 0 99 98 5*0 44 54 0 14 0 34 1 7*0 34 0
Man_Man_21 4*94 65 93 5 94 39 30 27 0 74 94 1 24 42 1 0 40 1 3*0 30 88 0 30 39 42 2*5 1 0 27 0 23 5 32 1 88 0 5 44 0 1 77 0 40 5 39 72 0 25 3*0 27 0 5 0 1 27 0 2*1 0 94 0 1 94 42 21 0 77 0 30 88 2*0 2*94 93 94 45 32 43
MawC_Maw11C_09 18*0 99 2*0 1 99 97 10*0 1 6*0 98 5*0 99 0 26 2*0 98 0 3*99 0 98 0 99 7*0 99 98 17*0
Aus_AusII_06 4*0 1 0 95 0 1 7 34 0 5 2*0 22 11 2*0 17 4*0 8 5 0 27 5 3 2*100 2*0 8 0 37 95 6 0 5 0 100 2 4*0 3 6 17 4 0 26 3*0 36 0 100 2*0 30 8*0 5 22 3*0 34 5 7*0 34 0
Biz_Biz_24 4*46 45 46 2 46 43 30 29 4 42 2*46 36 40 46 0 38 46 3*0 30 44 4 34 38 42 2*2 46 4 27 4 28 2 43 46 44 0 2 43 4 46 44 0 39 5 38 40 0 33 3*0 30 0 2 0 46 32 4 2*46 4 46 2*0 46 41 35 4 44 1 30 44 2*1 4*46 22 31 22
Ger_Nar_08 4*0 1 0 5 0 7 11 4 100 5 0 1 0 2 2*0 1 4*0 9 0 100 0 8 5 3*0 100 12 100 3 5 1 4*0 4 100 0 4 0 9 6 2 11 0 4 7*0 1 2 100 0 1 100 4*0 5 3 100 4 0 1 8*0 1 0
Aus_Gri_06 4*0 29 3*0 51 32 34 0 12 0 98 54 43 99 0 41 99 3*0 31 1 0 42 41 45 2*0 99 0 28 0 37 0 61 99 1 2*0 46 0 99 14 0 42 5 40 8 0 45 3*0 36 3*0 98 41 0 99 98 5*0 44 54 0 13 0 34 1 7*0 34 0
Biz_Biz_21 4*82 61 82 0 82 41 31 27 4 66 82 14 27 42 14 0 39 14 3*0 31 77 4 31 40 43 2*0 14 4 27 4 24 0 35 14 77 2*0 44 4 14 70 0 41 5 39 65 0 26 3*0 27 3*0 14 28 4 2*14 4 82 0 1 82 42 25 4 70 0 29 77 2*0 4*82 39 31 38
MawC_Maw11C_10 18*0 99 3*0 100 97 10*0 1 6*0 99 5*0 99 0 27 2*0 99 0 3*99 0 99 0 100 7*0 2*99 17*0
Man_Man_05 6*42 3 42 40 28 27 9 39 2*42 33 37 42 0 35 42 1 2*0 28 40 9 31 36 38 2*3 42 9 25 9 26 3 40 42 40 0 3 39 9 42 41 0 37 6 35 37 0 31 3*0 28 0 3 0 42 30 9 2*42 9 42 2*0 42 38 33 9 41 2 28 40 2*2 4*42 21 29 20
MawC_Maw11C_01 6*5 6 2*5 7 2*6 6*5 27 2*5 16 27 26 7 5 6 5 6 5 2*6 5 6 8 3*6 3*5 26 6 5 6 2*5 27 6 19 2*5 26 5 3*27 6 26 6 27 5 2*6 2*5 6 5 27 26 3*5 6 5 8 6 5 2*8 4*5 7 6 7
Aus_Gri_09 6*40 17 40 38 27 31 2 38 2*40 35 37 40 0 36 40 3*0 27 39 2 2*34 37 2*17 40 2 24 2 30 17 39 40 39 0 17 38 2 40 39 0 35 5 36 35 0 33 3*0 32 0 17 0 40 33 2 2*40 2 40 2*0 40 37 34 2 39 0 32 39 2*0 4*40 19 32 19
Man_Man_28 4*77 56 77 5 77 36 28 25 11 62 77 8 23 38 8 0 36 8 3*0 28 72 11 28 36 39 2*4 8 11 25 11 22 5 31 8 72 0 4 40 11 8 65 0 37 5 35 61 0 24 3*0 25 0 4 0 8 26 11 2*8 11 77 0 1 77 38 22 11 65 0 27 73 2*0 4*77 37 29 36
MawC_Maw11C_02 18*0 99 2*0 1 99 97 10*0 1 6*0 98 5*0 99 0 26 2*0 98 0 3*99 0 99 0 99 7*0 99 98 17*0
Man_Man_11 25 24 25 24 30 24 25 24 34 25 31 4 26 25 45 36 33 45 0 33 45 3*0 24 25 4 34 30 32 2*26 45 4 22 4 32 25 37 45 25 0 26 33 4 45 26 0 31 5 33 24 0 33 3*0 32 0 26 0 45 33 4 2*45 4 25 2*0 25 32 35 4 26 0 32 25 2*0 25 2*24 25 12 32 11
MawC_Maw22C_10 18*0 99 3*0 100 97 10*0 1 6*0 99 5*0 99 0 26 2*0 99 0 3*99 0 99 0 100 7*0 2*99 17*0
MawC_Maw11C_07 18*0 99 3*0 100 97 10*0 1 6*0 99 5*0 99 0 27 2*0 99 0 3*99 0 99 0 100 7*0 2*99 17*0
MawC_Maw22C_03 18*0 100 3*0 100 98 10*0 1 6*0 99 5*0 99 0 27 2*0 99 0 2*99 100 0 99 0 100 7*0 100 99 17*0
Maw_Maw15_27b 4*27 29 27 35 27 30 23 32 0 2*27 36 34 31 37 0 32 36 3*0 23 27 0 33 28 29 2*36 37 0 21 0 33 35 33 36 27 0 36 30 0 37 27 0 28 6 32 25 0 32 3*0 34 0 36 0 36 33 0 37 36 0 27 2*0 27 30 33 0 27 0 33 27 2*0 4*27 13 33 12
MawC_Maw22C_P11 18*0 99 2*0 1 99 97 10*0 1 6*0 98 5*0 99 0 26 2*0 99 0 3*99 0 99 0 99 7*0 99 98 17*0
Maw_Maw22_08 4*0 1 0 95 0 1 7 34 0 5 2*0 22 11 2*0 17 4*0 8 5 0 27 5 3 2*100 2*0 8 0 37 95 6 0 5 0 100 2 4*0 3 6 17 4 0 26 3*0 36 0 100 2*0 30 8*0 5 22 3*0 34 5 7*0 34 0
MawC_Maw22C_12 18*0 100 3*0 100 98 10*0 1 6*0 99 5*0 100 0 27 2*0 99 0 3*100 0 99 0 100 7*0 100 99 17*0
Maw_Maw15_77 4*0 29 3*0 51 32 34 1 12 0 97 54 43 98 0 41 98 3*0 31 2*1 42 41 44 2*0 98 1 28 1 36 0 60 98 1 2*0 46 1 98 14 0 42 5 40 8 0 45 3*0 36 3*0 98 41 1 2*98 1 4*0 44 54 1 13 0 34 1 7*0 34 0
Biz_Biz_13 4*27 31 27 29 27 33 24 32 2 28 27 41 35 33 41 0 33 41 3*0 24 27 2 34 30 31 2*30 41 2 22 2 32 29 36 41 27 0 30 32 2 41 28 0 30 6 33 26 0 33 3*0 33 0 30 0 41 33 2 2*41 2 27 2*0 27 32 35 2 28 0 33 27 2*0 4*27 13 33 12
Ger_Nar_09 4*0 1 0 5 0 7 11 4 100 5 0 1 0 2 2*0 1 4*0 9 0 100 0 8 5 3*0 100 12 100 3 5 1 4*0 4 100 0 4 0 9 6 2 11 0 4 7*0 1 2 100 0 1 100 4*0 5 3 100 4 0 1 8*0 1 0
Biz_Biz_22 4*0 29 3*0 51 32 34 0 12 0 98 54 43 99 0 41 99 3*0 31 1 0 42 41 45 2*0 99 0 28 0 37 0 61 99 1 2*0 46 0 99 14 0 42 5 40 8 0 45 3*0 36 3*0 98 41 0 99 98 5*0 44 54 0 13 0 34 1 7*0 34 0
Maw_Maw15_P1 4*0 29 3*0 51 32 34 1 12 0 98 54 43 98 0 41 98 3*0 31 2*1 42 41 44 2*0 98 1 28 1 36 0 60 98 1 2*0 46 1 98 14 0 42 5 40 8 0 45 3*0 36 3*0 98 41 1 2*98 1 4*0 44 54 1 14 0 34 1 7*0 34 0
Ger_Nar_06 4*0 1 0 5 0 7 11 4 100 5 0 1 0 2 2*0 1 4*0 9 0 100 0 8 5 3*0 100 12 100 3 5 1 4*0 4 100 0 4 0 9 6 2 11 0 4 7*0 1 2 100 0 1 100 4*0 5 3 100 4 0 1 8*0 1 0
Zar_Zar_05 4*100 69 100 0 100 41 32 27 0 78 100 0 23 43 2*0 41 4*0 32 93 0 30 41 45 4*0 28 0 22 0 33 0 94 2*0 46 2*0 82 0 42 5 40 77 0 25 3*0 27 4*0 27 4*0 100 0 1 100 44 21 0 82 0 30 94 2*0 4*100 48 31 46
MawC_Maw22C_14 18*0 100 3*0 100 98 10*0 1 6*0 99 5*0 99 0 27 2*0 99 0 2*99 100 0 99 0 100 7*0 100 99 17*0
MawC_Maw22C_15 6*1 0 1 0 1 2*0 2*1 4*0 99 3*0 99 97 2*1 8*0 1 5*0 1 98 4*0 1 99 0 26 0 1 98 0 3*99 0 98 0 99 6*0 1 99 98 1 3*0 1 2*0 1 2*0 4*1 3*0
Zar_Zar_08 4*100 69 100 0 100 41 32 27 0 78 100 0 23 43 2*0 41 4*0 32 93 0 30 41 45 4*0 28 0 22 0 33 0 94 2*0 46 2*0 82 0 42 5 40 77 0 25 3*0 27 4*0 27 4*0 100 0 1 100 44 21 0 82 0 30 94 2*0 4*100 48 31 46
Man_Man_44 4*44 43 44 5 44 41 2*29 5 40 2*44 35 39 44 0 37 44 3*0 29 42 5 33 37 40 2*5 44 5 26 5 28 5 42 44 42 0 5 41 5 44 42 0 38 5 37 38 0 32 3*0 30 0 5 0 44 32 5 2*44 5 44 2*0 44 39 34 5 42 1 30 42 2*1 4*44 21 31 21
Man_Man_06 4*21 30 3*21 37 26 32 3 24 21 54 39 35 54 0 35 54 3*0 26 21 3 35 32 34 2*22 54 3 23 3 33 21 41 54 21 0 22 35 3 54 25 0 33 5 34 22 0 35 3*0 33 0 22 0 54 35 3 2*54 3 21 2*0 21 34 39 3 24 0 32 21 2*0 4*21 10 32 10
Ger_Nar_01 4*0 1 0 5 0 7 11 4 100 5 0 1 0 2 2*0 1 4*0 9 0 100 0 8 5 3*0 100 12 100 3 5 1 4*0 4 100 0 4 0 9 6 2 11 0 4 7*0 1 2 100 0 1 100 4*0 5 3 100 4 0 1 8*0 1 0
Biz_Biz_01 4*82 61 82 0 82 41 31 27 4 66 82 13 27 42 13 0 39 14 3*0 31 77 4 31 40 43 2*0 14 4 27 4 24 0 35 14 77 2*0 44 4 13 70 0 41 5 39 65 0 26 3*0 27 3*0 13 28 4 13 14 4 82 0 1 82 42 24 4 70 0 29 77 2*0 4*82 39 30 38
Wey_Wey_01 9*0 7 14*0 8 3*0 2 1 4*0 9 8*0 1 4*0 2 8 21*0 1 3*0 100 2*0 2*100 4*0 48 0 52
Ger_Ger_02 4*30 31 30 33 2*30 23 32 1 29 30 34 33 32 34 0 32 34 3*0 23 30 1 33 28 30 3*34 1 21 1 32 2*33 34 30 0 34 30 1 34 29 0 28 6 32 27 0 32 3*0 33 0 34 0 34 33 1 2*34 1 30 2*0 2*30 32 1 29 0 32 30 2*0 4*30 14 33 14
Man_Man_04 4*94 65 93 5 94 39 30 27 0 74 94 1 24 42 1 0 40 1 3*0 30 88 0 30 39 42 2*5 1 0 27 0 23 5 32 1 88 0 5 44 0 1 77 0 40 5 39 73 0 25 3*0 27 0 5 0 1 27 0 2*1 0 94 0 1 94 42 21 0 77 0 30 88 2*0 4*94 45 32 43
Wey_Wey_04 9*0 7 14*0 8 3*0 2 1 4*0 9 8*0 1 4*0 2 8 21*0 1 3*0 100 2*0 2*100 4*0 48 0 52
Wey_Wey_05 9*0 7 14*0 8 3*0 2 1 4*0 9 8*0 1 4*0 2 8 21*0 1 3*0 100 2*0 2*100 4*0 48 0 52
Zar_Zar_03 4*100 69 100 0 100 41 32 27 0 78 100 0 23 43 2*0 41 4*0 32 93 0 30 41 45 4*0 28 0 22 0 33 0 94 2*0 46 2*0 82 0 42 5 40 77 0 24 3*0 27 4*0 27 4*0 100 0 1 100 44 21 0 82 0 30 94 2*0 4*100 48 31 46
Zar_Zar_07 4*100 69 99 0 100 41 32 27 0 78 100 0 23 43 2*0 41 4*0 32 93 0 30 41 45 4*0 28 0 22 0 33 0 94 2*0 46 2*0 82 0 42 5 40 77 0 24 3*0 27 4*0 27 4*0 100 0 1 100 44 21 0 82 0 30 94 2*0 4*100 48 31 46
Zar_Zar_02 4*100 69 99 0 100 41 32 27 0 78 100 0 23 43 2*0 41 4*0 32 93 0 30 41 45 4*0 28 0 22 0 33 0 93 2*0 46 2*0 82 0 42 5 40 77 0 24 3*0 27 4*0 27 4*0 100 0 1 100 44 21 0 82 0 30 94 2*0 4*100 48 31 46
Zar_Zar_04 4*100 69 100 0 100 41 32 27 0 78 100 0 23 43 2*0 41 4*0 32 93 0 30 41 45 4*0 28 0 22 0 33 0 94 2*0 46 2*0 82 0 42 5 40 77 0 24 3*0 27 4*0 27 4*0 100 0 1 100 44 21 0 82 0 30 94 2*0 4*100 48 31 46
Wey_Wey_03 4*48 33 47 0 48 20 19 13 0 37 48 0 11 21 2*0 20 0 1 2*0 19 44 0 14 21 22 4*0 18 0 11 0 16 0 45 2*0 22 2*0 39 0 21 7 19 37 0 12 3*0 13 4*0 13 4*0 48 2*0 48 21 10 0 39 48 14 45 6*48 45 15 47
Maw_Maw15_75 4*31 32 31 32 2*31 23 32 1 30 31 2*33 32 34 0 33 34 3*0 23 32 1 33 29 30 3*34 1 21 1 2*32 33 34 32 0 34 31 1 34 31 0 29 6 32 29 0 32 3*0 33 0 34 0 34 33 1 2*34 1 31 2*0 2*31 32 1 31 0 33 32 2*0 4*31 15 33 15
Wey_Wey_02 4*46 32 46 0 46 19 18 12 0 36 46 0 11 20 2*0 19 4*0 19 43 0 14 20 21 4*0 18 0 11 0 15 0 43 2*0 22 2*0 38 0 20 7 19 36 0 11 3*0 12 4*0 12 4*0 46 2*0 46 21 10 0 38 52 14 43 2*52 4*46 47 15 48
