-----------------------------------------------------------------
PopCluster, Version 1.4.0.0, Build 20240115, Expire Date 20270115
              Copyright (C) 2017-2024 Jinliang Wang
        Institute of Zoology, Zoological Society of London
                  Email: jinliang.wang@ioz.ac.uk
-----------------------------------------------------------------


------------------------------
Running parameters and options
------------------------------

Command line arguments:
  C:\ZSL\PopCluster1\PopClusterWin INP:C:\ZSL\PopCluster1\Results\Pcalcareum_ramets\Pcalcareum_ramets.PcPjt MPI:1 OMP:2

Run parameters:
  Number of individuals = 87
  Mean number alleles/locus = 2.00
  Minimum number alleles/locus = 2
  Maximum number alleles/locus = 2
  Number monomorphic loci = 0
  Number polymorphic loci = 15328
  Number all loci = 15328
  Number of assumed populations (K:1-8) = 5
  Random number seed = 123
  Replicate run (out of 10) = 4
  Number of MPI parallel processes used = 4
  Number of openMP threads per MPI process = 2
  Missing value = -9
  LocusAdmixQ = 0
  Parameter file = C:\ZSL\PopCluster1\Results\Pcalcareum_ramets\Pcalcareum_ramets.PcPjt
  Genotype file = C:\ZSL\PopCluster1\Results\Pcalcareum_ramets\Pcalcareum_ramets.dat
  PopDataQ = 0
  PopFlagQ = 0
  OutAlleleFre = 0
  Model = 2
  Scaling = 2
  AllSNP = 1
  UseKMeans = 0
  LocusFst = 0
  DataForm = 0
  Search method = AssignProb
  Allele frequency prior = Equal
    (Frequency prior reset from 2 to 1 due to Scaling > 0)


---------------------------------------
Summary of analyses of Run = 4 at K = 5
---------------------------------------
Run      WeekDay   Date(D/M/Y) Time(S/M/H)
Started  Tuesday   09/09/2025  07/24/08
Finished Tuesday   09/09/2025  59/42/09

Clustering analysis:
  LogL, NumIter = -2.4137318186E+05, 266477
  TimeTaken(WallClock second) = 356

Admixture analysis:
  Tol, NumIter = 4.9137400930E-07, 58
  TimeTaken(WallClock second) = 79


----------------------------
Distribution of missing data
----------------------------
  #MissGtype       #Loci
           0       15328

A genotype with both alleles missing is counted
  as a missing genotype (MissGtype)
A monomorphic locus is counted as having 87 MissGtype


---------------------------
Clustering analysis results
---------------------------
Estimated cluster of individuals 1~87
           Label  #Hom  #Het #Mis       F ML_C
      Zar_Zar_10 12221  3107    0  0.0284    1
      Zar_Zar_06 12279  3049    0  0.0384    1
      Zar_Zar_11 12343  2985    0  0.0410    1
      Zar_Zar_12 12415  2913    0  0.0596    1
      Aus_Gri_15 11544  3784    0 -0.0486    1
      Aus_Gri_12 12180  3148    0  0.0324    1
    Maw_Maw22_04 11238  4090    0  0.0052    3
      Man_Man_08 12253  3075    0  0.0349    1
      Biz_Biz_06 11281  4047    0 -0.0863    1
      Man_Man_24 11359  3969    0 -0.0692    1
      Ger_Ger_01 10273  5055    0 -0.1932    3
      Ger_Nar_07 11440  3888    0 -0.0832    5
      Aus_Gri_13 11778  3550    0 -0.0261    1
      Zar_Zar_01 12497  2831    0  0.0744    1
    Maw_Maw15_84 10367  4961    0 -0.1894    3
      Aus_Gri_11 10422  4906    0 -0.1681    3
      Man_Man_07 11237  4091    0 -0.0686    3
      Aus_Gri_14 10364  4964    0 -0.1811    3
  MawC_Maw22C_06  5043 10285    0 -0.5336    2
      Biz_Biz_12 11406  3922    0 -0.0327    3
      Ger_Ger_05 10441  4887    0 -0.1737    3
  MawC_Maw11C_04  6555  8773    0 -0.1679    2
  MawC_Maw22C_16  5153 10175    0 -0.5089    2
  MawC_Maw11C_06  5862  9466    0 -0.3466    2
      Man_Man_10 11202  4126    0 -0.0783    1
      Man_Man_03 11762  3566    0 -0.0241    1
      Ger_Nar_02 11417  3911    0 -0.0847    5
      Ger_Nar_05 10439  4889    0 -0.1788    3
      Ger_Nar_10 11186  4142    0 -0.0856    1
      Biz_Biz_20 11713  3615    0 -0.0173    1
    Aus_AusII_03 10649  4679    0 -0.0793    3
      Aus_Gri_01 10669  4659    0 -0.0758    3
      Ger_Ger_06 10356  4972    0 -0.1867    3
      Ger_Nar_04 11400  3928    0 -0.0865    5
      Biz_Biz_19 11501  3827    0 -0.0622    1
      Ger_Nar_03 11409  3919    0 -0.0855    5
    Maw_Maw15_82 10422  4906    0 -0.1751    3
    Maw_Maw22_07 11196  4132    0  0.0002    3
      Biz_Biz_23 11446  3882    0 -0.0356    3
      Ger_Ger_04 10313  5015    0 -0.1926    3
      Man_Man_21 11845  3483    0 -0.0095    1
  MawC_Maw11C_09  5348  9980    0 -0.4848    2
    Aus_AusII_06 10670  4658    0 -0.0778    3
      Biz_Biz_24 11469  3859    0 -0.0539    1
      Ger_Nar_08 11418  3910    0 -0.0849    5
      Aus_Gri_06 10379  4949    0 -0.1734    3
      Biz_Biz_21 11636  3692    0 -0.0412    1
  MawC_Maw11C_10  5270 10058    0 -0.4916    2
      Man_Man_05 11035  4293    0 -0.1186    1
  MawC_Maw11C_01  6302  9026    0 -0.2184    2
      Aus_Gri_09 11276  4052    0 -0.0647    3
      Man_Man_28 12086  3242    0  0.0138    1
  MawC_Maw11C_02  5573  9755    0 -0.4118    2
      Man_Man_11 10354  4974    0 -0.1833    3
  MawC_Maw22C_10  5113 10215    0 -0.5241    2
  MawC_Maw11C_07  5335  9993    0 -0.4620    2
  MawC_Maw22C_03  5148 10180    0 -0.5090    2
   Maw_Maw15_27b 10406  4922    0 -0.1776    3
 MawC_Maw22C_P11  5104 10224    0 -0.5239    2
    Maw_Maw22_08 10814  4514    0 -0.0441    3
  MawC_Maw22C_12  5119 10209    0 -0.5139    2
    Maw_Maw15_77 10397  4931    0 -0.1867    3
      Biz_Biz_13 10458  4870    0 -0.1669    3
      Ger_Nar_09 11435  3893    0 -0.0832    5
      Biz_Biz_22 10340  4988    0 -0.1842    3
    Maw_Maw15_P1 10545  4783    0 -0.1657    3
      Ger_Nar_06 11406  3922    0 -0.0865    5
      Zar_Zar_05 12391  2937    0  0.0514    1
  MawC_Maw22C_14  5081 10247    0 -0.5200    2
  MawC_Maw22C_15  5251 10077    0 -0.4785    2
      Zar_Zar_08 12363  2965    0  0.0476    1
      Man_Man_44 11467  3861    0 -0.0351    1
      Man_Man_06 10286  5042    0 -0.1873    3
      Ger_Nar_01 11582  3746    0 -0.0645    5
      Biz_Biz_01 11664  3664    0 -0.0389    1
      Wey_Wey_01 10997  4331    0 -0.0523    4
      Ger_Ger_02 10392  4936    0 -0.1803    3
      Man_Man_04 12025  3303    0  0.0178    1
      Wey_Wey_04 11215  4113    0 -0.0131    4
      Wey_Wey_05 11029  4299    0 -0.0480    4
      Zar_Zar_03 12133  3195    0  0.0087    1
      Zar_Zar_07 12233  3095    0  0.0409    1
      Zar_Zar_02 12317  3011    0  0.0473    1
      Zar_Zar_04 12342  2986    0  0.0423    1
      Wey_Wey_03 11127  4201    0 -0.0673    4
    Maw_Maw15_75 10341  4987    0 -0.1847    3
      Wey_Wey_02 11150  4178    0 -0.0667    4

Column note
  1-Individual Label (Label)
  2-Number Homozygotes (#Hom)
  3-Number Heterozygotes (#Het)
  4-Number (partial) Missing Genotypes (#Mis)
  5-Individual Inbreeding (F)
  6-ML ClusterID (ML_C)

%individuals with F < -1/(#individuals) = 0.7701


----------------------------------------
Inferred clusters: F-Statistics analysis
----------------------------------------
Cluster #Members     Fst     Fis     Fit
      1       30  0.3663 -0.2208  0.2264
      2       15 -0.1782 -0.8894 -1.2261
      3       29  0.2314 -0.3767 -0.0581
      4        5  0.3561 -0.4735  0.0512
      5        8  0.5417 -0.9064  0.1264


--------------------------------
Inferred Fst between populations
--------------------------------
    Pop#    Pop1    Pop2    Pop3    Pop4    Pop5
    Pop1  0.4474
    Pop2  0.3934 -0.1153
    Pop3  0.3331  0.3717  0.3739
    Pop4  0.2256  0.3129  0.3674  0.2689
    Pop5  0.1935  0.3974  0.3062  0.2946  0.4494

NOTE: Fst(i,i) is Fst for pop i from all populations (including i)
      Fst(i,j) (i<j) is Fst between populations i and j


------------------
Admixture analysis
------------------
Inferred ancestry of individuals 1~87 (%Miss includes monomorphic loci)
Index Order           Label %Miss Cluster : Inferred ancestry in clusters 1~5
    1    10      Zar_Zar_10   0.0       1 : 0.999 0.000 0.000 0.000 0.001
    2     9      Zar_Zar_06   0.0       1 : 0.999 0.000 0.000 0.000 0.001
    3    12      Zar_Zar_11   0.0       1 : 0.999 0.000 0.000 0.000 0.001
    4    11      Zar_Zar_12   0.0       1 : 0.999 0.000 0.000 0.000 0.001
    5    20      Aus_Gri_15   0.0       1 : 0.841 0.000 0.154 0.000 0.005
    6    13      Aus_Gri_12   0.0       1 : 0.998 0.000 0.000 0.000 0.002
    7    51    Maw_Maw22_04   0.0       3 : 0.001 0.000 0.929 0.000 0.070
    8     3      Man_Man_08   0.0       1 : 0.999 0.000 0.000 0.000 0.001
    9    27      Biz_Biz_06   0.0       1 : 0.674 0.000 0.262 0.000 0.064
   10    25      Man_Man_24   0.0       1 : 0.701 0.000 0.225 0.000 0.074
   11    68      Ger_Ger_01   0.0       3 : 0.430 0.000 0.523 0.000 0.047
   12    85      Ger_Nar_07   0.0       5 : 0.001 0.000 0.000 0.000 0.999
   13    19      Aus_Gri_13   0.0       1 : 0.861 0.000 0.108 0.000 0.031
   14     1      Zar_Zar_01   0.0       1 : 1.000 0.000 0.000 0.000 0.000
   15    58    Maw_Maw15_84   0.0       3 : 0.412 0.000 0.557 0.000 0.031
   16    62      Aus_Gri_11   0.0       3 : 0.452 0.000 0.547 0.000 0.001
   17    74      Man_Man_07   0.0       3 : 0.464 0.004 0.465 0.004 0.063
   18    54      Aus_Gri_14   0.0       3 : 0.394 0.000 0.593 0.000 0.013
   19    37  MawC_Maw22C_06   0.0       2 : 0.000 1.000 0.000 0.000 0.000
   20    71      Biz_Biz_12   0.0       3 : 0.488 0.003 0.488 0.003 0.018
   21    63      Ger_Ger_05   0.0       3 : 0.453 0.000 0.546 0.000 0.001
   22    36  MawC_Maw11C_04   0.0       2 : 0.000 1.000 0.000 0.000 0.000
   23    43  MawC_Maw22C_16   0.0       2 : 0.001 0.996 0.001 0.001 0.001
   24    32  MawC_Maw11C_06   0.0       2 : 0.000 1.000 0.000 0.000 0.000
   25    22      Man_Man_10   0.0       1 : 0.744 0.000 0.254 0.000 0.002
   26    16      Man_Man_03   0.0       1 : 0.953 0.000 0.047 0.000 0.000
   27    86      Ger_Nar_02   0.0       5 : 0.001 0.000 0.000 0.000 0.999
   28    69      Ger_Nar_05   0.0       3 : 0.477 0.000 0.522 0.000 0.001
   29    30      Ger_Nar_10   0.0       1 : 0.619 0.000 0.284 0.000 0.097
   30    26      Biz_Biz_20   0.0       1 : 0.698 0.000 0.268 0.000 0.034
   31    47    Aus_AusII_03   0.0       3 : 0.000 0.000 1.000 0.000 0.000
   32    48      Aus_Gri_01   0.0       3 : 0.000 0.000 1.000 0.000 0.000
   33    61      Ger_Ger_06   0.0       3 : 0.451 0.000 0.547 0.000 0.002
   34    80      Ger_Nar_04   0.0       5 : 0.000 0.000 0.000 0.000 1.000
   35    23      Biz_Biz_19   0.0       1 : 0.735 0.000 0.178 0.000 0.087
   36    82      Ger_Nar_03   0.0       5 : 0.000 0.000 0.000 0.000 1.000
   37    64    Maw_Maw15_82   0.0       3 : 0.456 0.000 0.539 0.000 0.005
   38    50    Maw_Maw22_07   0.0       3 : 0.001 0.000 0.929 0.000 0.070
   39    72      Biz_Biz_23   0.0       1 : 0.488 0.004 0.488 0.004 0.016
   40    60      Ger_Ger_04   0.0       3 : 0.450 0.000 0.548 0.000 0.002
   41    14      Man_Man_21   0.0       1 : 0.954 0.000 0.046 0.000 0.000
   42    39  MawC_Maw11C_09   0.0       2 : 0.000 0.999 0.000 0.001 0.000
   43    46    Aus_AusII_06   0.0       3 : 0.000 0.000 1.000 0.000 0.000
   44    24      Biz_Biz_24   0.0       1 : 0.704 0.000 0.267 0.000 0.029
   45    87      Ger_Nar_08   0.0       5 : 0.001 0.000 0.000 0.000 0.999
   46    52      Aus_Gri_06   0.0       3 : 0.391 0.000 0.600 0.000 0.009
   47    17      Biz_Biz_21   0.0       1 : 0.924 0.000 0.043 0.000 0.033
   48    33  MawC_Maw11C_10   0.0       2 : 0.000 1.000 0.000 0.000 0.000
   49    29      Man_Man_05   0.0       1 : 0.639 0.000 0.249 0.000 0.112
   50    40  MawC_Maw11C_01   0.0       2 : 0.000 0.999 0.000 0.001 0.000
   51    73      Aus_Gri_09   0.0       3 : 0.481 0.003 0.482 0.003 0.031
   52    21      Man_Man_28   0.0       1 : 0.823 0.000 0.081 0.000 0.096
   53    34  MawC_Maw11C_02   0.0       2 : 0.000 1.000 0.000 0.000 0.000
   54    70      Man_Man_11   0.0       3 : 0.438 0.000 0.519 0.000 0.043
   55    41  MawC_Maw22C_10   0.0       2 : 0.000 0.999 0.000 0.001 0.000
   56    35  MawC_Maw11C_07   0.0       2 : 0.000 1.000 0.000 0.000 0.000
   57    38  MawC_Maw22C_03   0.0       2 : 0.000 0.999 0.000 0.001 0.000
   58    55   Maw_Maw15_27b   0.0       3 : 0.434 0.000 0.565 0.000 0.001
   59    42 MawC_Maw22C_P11   0.0       2 : 0.000 0.999 0.000 0.001 0.000
   60    49    Maw_Maw22_08   0.0       3 : 0.000 0.000 1.000 0.000 0.000
   61    44  MawC_Maw22C_12   0.0       2 : 0.001 0.996 0.001 0.001 0.001
   62    57    Maw_Maw15_77   0.0       3 : 0.412 0.000 0.559 0.000 0.029
   63    59      Biz_Biz_13   0.0       3 : 0.440 0.000 0.552 0.000 0.008
   64    81      Ger_Nar_09   0.0       5 : 0.000 0.000 0.000 0.000 1.000
   65    53      Biz_Biz_22   0.0       3 : 0.392 0.000 0.595 0.000 0.013
   66    56    Maw_Maw15_P1   0.0       3 : 0.420 0.000 0.559 0.000 0.021
   67    83      Ger_Nar_06   0.0       5 : 0.000 0.000 0.000 0.000 1.000
   68     2      Zar_Zar_05   0.0       1 : 0.999 0.000 0.000 0.000 0.001
   69    31  MawC_Maw22C_14   0.0       2 : 0.000 1.000 0.000 0.000 0.000
   70    45  MawC_Maw22C_15   0.0       2 : 0.013 0.986 0.000 0.000 0.001
   71     7      Zar_Zar_08   0.0       1 : 0.999 0.000 0.000 0.000 0.001
   72    28      Man_Man_44   0.0       1 : 0.651 0.000 0.319 0.000 0.030
   73    65      Man_Man_06   0.0       3 : 0.436 0.000 0.536 0.000 0.028
   74    84      Ger_Nar_01   0.0       5 : 0.001 0.000 0.000 0.000 0.999
   75    18      Biz_Biz_01   0.0       1 : 0.922 0.000 0.042 0.000 0.036
   76    75      Wey_Wey_01   0.0       4 : 0.000 0.000 0.000 1.000 0.000
   77    66      Ger_Ger_02   0.0       3 : 0.458 0.000 0.534 0.000 0.008
   78    15      Man_Man_04   0.0       1 : 0.953 0.000 0.047 0.000 0.000
   79    76      Wey_Wey_04   0.0       4 : 0.000 0.000 0.000 1.000 0.000
   80    77      Wey_Wey_05   0.0       4 : 0.000 0.000 0.000 1.000 0.000
   81     5      Zar_Zar_03   0.0       1 : 0.999 0.000 0.000 0.000 0.001
   82     8      Zar_Zar_07   0.0       1 : 0.999 0.000 0.000 0.000 0.001
   83     4      Zar_Zar_02   0.0       1 : 0.999 0.000 0.000 0.000 0.001
   84     6      Zar_Zar_04   0.0       1 : 0.999 0.000 0.000 0.000 0.001
   85    79      Wey_Wey_03   0.0       4 : 0.458 0.000 0.000 0.541 0.001
   86    67    Maw_Maw15_75   0.0       3 : 0.466 0.000 0.529 0.000 0.005
   87    78      Wey_Wey_02   0.0       4 : 0.441 0.000 0.000 0.558 0.001


----------------------------------------------------------
Pairwise co-assignment probability from admixture analysis
----------------------------------------------------------
Inferred co-assignment probability between an individual in a row (i) and an individual in a column (j)
  Individuals in both row i and column j are ordered as in the genotype data. Values are c(i,j)*100
Zar_Zar_10 4*100 84 100 0 100 67 70 43 0 86 100 41 45 46 39 0 49 45 3*0 74 95 0 48 62 70 2*0 45 0 73 0 46 0 49 45 95 2*0 70 0 39 92 0 64 0 48 82 0 44 3*0 43 3*0 41 44 0 39 42 0 100 0 1 100 65 44 0 92 0 46 95 2*0 4*100 46 47 44
Zar_Zar_06 4*100 84 100 0 100 67 70 43 0 86 100 41 45 46 39 0 49 45 3*0 74 95 0 48 62 70 2*0 45 0 73 0 46 0 49 45 95 2*0 70 0 39 92 0 64 0 48 82 0 44 3*0 43 3*0 41 44 0 39 42 0 100 0 1 100 65 44 0 92 0 46 95 2*0 4*100 46 47 44
Zar_Zar_11 4*100 84 100 0 100 67 70 43 0 86 100 41 45 46 39 0 49 45 3*0 74 95 0 48 62 70 2*0 45 0 73 0 46 0 49 45 95 2*0 70 0 39 92 0 64 0 48 82 0 44 3*0 43 3*0 41 44 0 39 42 0 100 0 1 100 65 44 0 92 0 46 95 2*0 4*100 46 47 44
Zar_Zar_12 4*100 84 100 0 100 67 70 43 0 86 100 41 45 46 39 0 49 45 3*0 74 95 0 48 62 70 2*0 45 0 73 0 46 0 49 45 95 2*0 70 0 39 92 0 64 0 48 82 0 44 3*0 43 3*0 41 44 0 39 42 0 100 0 1 100 65 44 0 92 0 46 95 2*0 4*100 46 47 44
Aus_Gri_15 4*84 73 84 14 84 61 62 44 1 74 84 43 2*46 42 0 49 46 3*0 67 81 1 48 56 63 2*15 46 1 65 1 47 14 49 46 81 0 15 63 1 42 78 0 58 0 48 71 0 45 3*0 45 0 15 0 43 46 1 42 44 1 84 0 1 84 60 45 1 78 0 47 81 2*0 4*84 39 47 37
Aus_Gri_12 4*100 84 100 0 100 67 70 43 0 86 100 41 45 46 39 0 49 45 3*0 74 95 0 48 62 70 2*0 45 0 73 0 46 0 49 45 95 2*0 70 0 39 92 0 64 0 48 82 0 44 3*0 43 3*0 41 44 0 39 42 0 100 0 1 100 65 44 0 92 0 46 95 2*0 4*100 46 47 44
Maw_Maw22_04 4*0 14 0 87 0 25 21 49 7 10 0 52 51 44 55 0 46 51 3*0 24 4 7 49 27 25 2*93 51 7 17 7 50 87 45 51 4 0 93 25 7 56 4 0 24 0 45 8 0 49 3*0 53 0 93 0 52 51 7 55 52 7 4*0 30 50 7 4 0 50 4 7*0 49 0
Man_Man_08 4*100 84 100 0 100 67 70 43 0 86 100 41 45 46 39 0 49 45 3*0 74 95 0 48 62 70 2*0 45 0 73 0 46 0 49 45 95 2*0 70 0 39 92 0 64 0 48 82 0 44 3*0 43 3*0 41 44 0 39 42 0 100 0 1 100 65 44 0 92 0 46 95 2*0 4*100 46 47 44
Biz_Biz_06 4*67 61 67 25 67 53 54 43 6 61 67 43 45 44 42 0 46 45 3*0 57 65 6 46 50 54 2*26 45 6 55 6 45 25 46 45 65 0 26 55 6 42 64 0 50 0 45 58 0 43 3*0 44 0 26 0 43 44 6 42 43 6 67 0 1 67 52 44 6 63 0 45 65 2*0 4*67 31 45 30
Man_Man_24 4*70 62 70 21 70 54 55 42 7 63 70 42 44 43 41 0 45 44 3*0 58 68 7 45 50 55 2*23 44 7 56 7 44 21 45 44 68 0 23 56 7 41 66 0 51 0 45 60 0 43 3*0 43 0 23 0 42 43 7 41 42 7 70 0 1 70 53 43 7 66 0 44 68 2*0 4*70 32 45 31
Ger_Ger_01 4*43 44 43 49 2*43 42 46 5 2*43 47 48 45 48 0 47 48 3*0 45 43 5 48 42 44 2*52 48 5 41 5 48 49 47 48 43 0 52 44 5 48 42 0 41 0 46 40 0 46 3*0 48 0 52 0 47 48 5 48 47 5 43 0 1 43 45 47 5 42 0 48 43 2*0 4*43 20 48 19
Ger_Nar_07 4*0 1 0 7 0 6 7 5 100 3 0 3 0 6 1 0 2 6*0 100 0 10 3 3*0 100 9 100 0 7 2 4*0 3 100 1 3 0 11 0 3 10 0 4 7*0 3 1 100 1 2 100 4*0 2*3 100 4 0 1 10*0
Aus_Gri_13 4*86 74 86 10 86 61 63 43 3 75 86 42 2*45 40 0 47 45 3*0 67 83 3 47 57 63 2*11 45 3 66 3 45 10 47 45 83 0 11 64 3 40 80 0 58 0 47 72 0 43 3*0 44 0 11 0 42 44 3 40 42 3 86 0 1 86 60 43 3 80 0 45 83 2*0 4*86 39 46 38
Zar_Zar_01 4*100 84 100 0 100 67 70 43 0 86 100 41 45 46 39 0 49 45 3*0 74 95 0 48 62 70 2*0 45 0 74 0 46 0 49 45 95 2*0 70 0 39 92 0 64 0 48 82 0 44 3*0 43 3*0 41 44 0 39 42 0 100 0 1 100 65 44 0 92 0 46 95 2*0 4*100 46 47 44
Maw_Maw15_84 4*41 43 41 52 41 43 42 47 3 42 41 48 49 45 49 0 47 49 3*0 45 42 3 49 42 44 2*56 49 3 41 3 49 52 47 49 42 0 56 44 3 50 41 0 41 0 47 39 0 47 3*0 49 0 56 0 48 49 3 2*49 3 41 0 1 41 45 48 3 40 0 49 42 2*0 4*41 19 49 18
Aus_Gri_11 4*45 46 45 51 2*45 44 48 0 2*45 49 50 46 50 0 49 50 3*0 48 46 0 50 43 46 2*55 50 0 43 0 50 51 49 50 46 0 55 46 0 50 44 0 43 0 48 42 0 48 3*0 51 0 55 0 49 50 0 2*50 0 45 0 1 45 47 49 0 44 0 50 46 2*0 4*45 21 50 20
Man_Man_07 6*46 44 46 44 43 45 6 45 46 45 46 44 46 0 45 46 3*0 2*46 6 46 43 45 2*47 46 6 43 6 46 44 45 2*46 0 47 45 6 46 45 0 42 0 45 43 0 45 3*0 46 0 47 0 45 46 6 2*46 6 46 0 1 46 2*45 6 45 0 2*46 2*0 4*46 22 46 21
Aus_Gri_14 4*39 42 39 55 39 42 41 48 1 40 39 49 50 46 51 0 48 50 3*0 44 40 1 50 41 43 2*59 50 1 40 1 50 55 48 50 40 0 59 44 1 51 39 0 40 0 48 37 0 48 3*0 51 0 59 0 49 50 1 51 50 1 39 0 1 39 45 49 1 39 0 50 40 2*0 4*39 18 50 17
MawC_Maw22C_06 18*0 100 2*0 3*100 17*0 100 5*0 100 0 100 2*0 100 0 3*100 0 100 0 100 7*0 100 99 17*0
Biz_Biz_12 6*49 46 49 46 45 47 2 47 49 47 49 45 48 0 48 49 3*0 2*49 2 49 44 47 3*49 2 45 2 49 46 48 2*49 0 49 47 2 48 47 0 44 0 47 44 0 47 3*0 49 0 49 0 47 48 2 2*48 2 49 0 1 49 2*47 2 47 0 48 49 2*0 4*49 23 49 22
Ger_Ger_05 4*45 46 45 51 2*45 44 48 0 2*45 49 50 46 50 0 49 50 3*0 48 46 0 50 44 46 2*55 50 0 43 0 50 51 49 50 46 0 55 46 0 50 44 0 43 0 48 42 0 48 3*0 50 0 55 0 49 50 0 2*50 0 45 0 1 45 47 49 0 44 0 50 46 2*0 4*45 21 50 20
MawC_Maw11C_04 18*0 100 2*0 3*100 17*0 100 5*0 100 0 100 2*0 100 0 3*100 0 100 0 100 7*0 100 99 17*0
MawC_Maw22C_16 18*0 100 2*0 100 99 100 17*0 100 5*0 100 0 100 2*0 100 0 3*100 0 100 0 99 7*0 100 98 17*0
MawC_Maw11C_06 18*0 100 2*0 3*100 17*0 100 5*0 100 0 100 2*0 100 0 3*100 0 100 0 100 7*0 100 99 17*0
Man_Man_10 4*74 67 74 24 74 57 58 45 0 67 74 45 48 46 44 0 49 48 3*0 62 72 0 49 53 59 2*25 47 0 59 0 48 24 49 47 72 0 25 59 0 44 70 0 54 0 48 63 0 46 3*0 47 0 25 0 45 47 0 44 45 0 74 0 1 74 57 46 0 70 0 48 72 2*0 4*74 34 48 33
Man_Man_03 4*95 81 95 4 95 65 68 43 0 83 95 42 2*46 40 0 49 46 3*0 72 91 0 48 60 68 2*5 46 0 71 0 46 4 49 45 91 0 5 68 0 40 88 0 62 0 48 79 0 44 3*0 44 0 5 0 42 45 0 40 43 0 95 0 1 95 64 44 0 88 0 46 91 2*0 4*95 44 47 42
Ger_Nar_02 4*0 1 0 7 0 6 7 5 100 3 0 3 0 6 1 0 2 6*0 100 0 10 3 3*0 100 9 100 0 7 2 4*0 3 100 1 3 0 11 0 3 10 0 4 7*0 3 1 100 1 2 100 4*0 2*3 100 4 0 1 10*0
Ger_Nar_05 6*48 49 48 46 45 48 0 47 48 49 50 46 50 0 49 50 3*0 49 48 0 50 44 47 2*52 50 0 44 0 50 2*49 50 48 0 52 48 0 50 46 0 43 0 48 43 0 48 3*0 50 0 52 0 49 50 0 50 49 0 48 0 1 2*48 49 0 46 0 50 48 2*0 4*48 22 50 21
Ger_Nar_10 4*62 56 62 27 62 2*50 42 10 57 62 42 2*43 41 0 2*44 3*0 53 60 10 44 47 51 2*28 43 10 51 10 44 27 44 43 60 0 28 51 10 41 59 0 48 0 44 54 0 42 3*0 43 0 28 0 42 43 10 41 42 10 62 0 1 62 50 42 10 59 0 44 60 2*0 4*62 28 44 27
Biz_Biz_20 4*70 63 70 25 70 54 55 44 3 63 70 44 46 45 43 0 47 46 3*0 59 68 3 47 51 56 2*27 46 3 56 3 46 25 47 46 68 0 27 56 3 43 66 0 52 0 47 60 0 45 3*0 45 0 27 0 44 46 3 43 44 3 70 0 1 70 54 45 3 66 0 46 68 2*0 4*70 32 47 31
Aus_AusII_03 4*0 15 0 93 0 26 22 52 0 11 0 56 55 47 59 0 49 55 3*0 25 5 0 52 28 27 2*100 55 0 18 0 54 93 49 55 5 0 100 27 0 60 4 0 25 0 48 8 0 52 3*0 56 0 100 0 56 55 0 60 56 5*0 32 54 0 4 0 53 5 7*0 53 0
Aus_Gri_01 4*0 15 0 93 0 26 22 52 0 11 0 56 55 47 59 0 49 55 3*0 25 5 0 52 28 27 2*100 55 0 18 0 54 93 49 55 5 0 100 27 0 60 4 0 25 0 48 8 0 52 3*0 56 0 100 0 56 55 0 60 56 5*0 32 54 0 4 0 53 5 7*0 53 0
Ger_Ger_06 4*45 46 45 51 2*45 44 48 0 2*45 49 50 46 50 0 49 50 3*0 47 46 0 50 43 46 2*55 50 0 43 0 50 51 49 50 45 0 55 46 0 50 44 0 42 0 48 42 0 48 3*0 50 0 55 0 49 50 0 2*50 0 45 0 1 45 47 49 0 44 0 50 46 2*0 4*45 21 50 20
Ger_Nar_04 4*0 1 0 7 0 6 7 5 100 3 0 3 0 6 1 0 2 6*0 100 0 10 3 3*0 100 9 100 0 7 2 4*0 3 100 1 3 0 11 0 3 10 0 4 7*0 3 1 100 1 2 100 4*0 2*3 100 4 0 1 10*0
Biz_Biz_19 4*73 65 73 17 73 55 56 41 9 66 74 41 2*43 40 0 45 43 3*0 59 71 9 44 51 56 2*18 43 9 58 9 43 17 45 43 71 0 18 57 9 39 69 0 52 0 44 63 0 42 3*0 42 0 18 0 41 42 9 40 41 9 73 0 1 73 54 42 9 69 0 43 71 2*0 4*73 34 44 32
Ger_Nar_03 4*0 1 0 7 0 6 7 5 100 3 0 3 0 6 1 0 2 6*0 100 0 10 3 3*0 100 9 100 0 7 2 4*0 3 100 1 3 0 11 0 3 10 0 4 7*0 3 1 100 1 2 100 4*0 2*3 100 4 0 1 10*0
Maw_Maw15_82 4*46 47 46 50 46 45 44 48 1 45 46 49 50 46 50 0 49 50 3*0 48 46 1 50 44 46 2*54 50 1 43 1 2*50 49 50 46 0 54 47 1 50 45 0 43 0 48 42 0 48 3*0 50 0 54 0 49 50 1 50 49 1 46 0 1 46 47 49 1 44 0 50 46 2*0 4*46 21 50 20
Maw_Maw22_07 4*0 14 0 87 0 25 21 49 7 10 0 52 51 44 55 0 46 51 3*0 24 4 7 49 27 25 2*93 51 7 17 7 50 87 45 51 4 0 93 25 7 56 4 0 24 0 45 8 0 49 3*0 53 0 93 0 52 51 7 55 52 7 4*0 30 50 7 4 0 50 4 7*0 49 0
Biz_Biz_23 6*49 45 49 46 45 47 2 47 49 47 49 45 48 0 48 49 3*0 2*49 2 49 44 47 3*49 2 45 2 49 45 48 2*49 0 49 47 2 48 47 0 44 0 47 44 0 47 3*0 49 0 49 0 47 48 2 2*48 2 49 0 1 49 2*47 2 47 0 48 49 2*0 4*49 23 49 22
Ger_Ger_04 4*45 46 45 51 2*45 44 48 0 2*45 49 50 46 50 0 49 50 3*0 47 45 0 50 43 46 2*55 50 0 43 0 50 51 49 50 45 0 55 46 0 50 44 0 42 0 48 42 0 48 3*0 51 0 55 0 49 50 0 2*50 0 45 0 1 45 47 49 0 44 0 50 45 2*0 4*45 21 50 20
Man_Man_21 4*95 81 95 4 95 65 68 43 0 83 95 42 2*46 40 0 49 46 3*0 72 91 0 48 60 68 2*5 45 0 71 0 46 4 49 45 91 0 5 68 0 40 88 0 62 0 48 79 0 44 3*0 44 0 5 0 42 45 0 40 43 0 95 0 1 95 64 44 0 88 0 46 91 2*0 4*95 44 47 42
MawC_Maw11C_09 18*0 100 2*0 3*100 17*0 100 5*0 100 0 100 2*0 100 0 3*100 0 100 0 99 7*0 100 99 17*0
Aus_AusII_06 4*0 15 0 93 0 26 22 52 0 11 0 56 55 47 59 0 49 55 3*0 25 5 0 52 28 27 2*100 55 0 18 0 54 93 49 55 5 0 100 27 0 60 4 0 25 0 48 8 0 52 3*0 56 0 100 0 56 55 0 60 56 5*0 32 54 0 4 0 53 5 7*0 53 0
Biz_Biz_24 4*70 63 70 25 70 55 56 44 3 64 70 44 46 45 44 0 47 46 3*0 59 68 3 48 51 56 2*27 46 3 57 3 47 25 47 46 68 0 27 57 3 44 66 0 52 0 47 60 0 45 3*0 46 0 27 0 44 46 3 44 45 3 70 0 1 70 54 45 3 66 0 47 68 2*0 4*70 32 47 31
Ger_Nar_08 4*0 1 0 7 0 6 7 5 100 3 0 3 0 6 1 0 2 6*0 100 0 10 3 3*0 100 9 100 0 7 2 4*0 3 100 1 3 0 11 0 3 10 0 4 7*0 3 1 100 1 2 100 4*0 2*3 100 4 0 1 10*0
Aus_Gri_06 4*39 42 39 56 39 42 41 48 1 40 39 2*50 46 51 0 48 50 3*0 44 40 1 50 41 43 2*60 50 1 39 1 50 56 48 50 40 0 60 44 1 51 39 0 40 0 48 37 0 48 3*0 51 0 60 0 2*50 1 51 50 1 39 0 1 39 45 49 1 39 0 50 40 2*0 4*39 18 50 17
Biz_Biz_21 4*92 78 92 4 92 64 66 42 3 80 92 41 44 45 39 0 47 44 3*0 70 88 3 46 59 66 2*4 44 3 69 3 45 4 47 44 88 0 4 66 3 39 86 0 61 0 47 77 0 43 3*0 43 0 4 0 41 43 3 39 41 3 92 0 1 92 62 43 3 86 0 45 88 2*0 4*92 42 45 41
MawC_Maw11C_10 18*0 100 2*0 3*100 17*0 100 5*0 100 0 100 2*0 100 0 3*100 0 100 0 100 7*0 100 99 17*0
Man_Man_05 4*64 58 64 24 64 50 51 41 11 58 64 41 43 42 40 0 44 43 3*0 54 62 11 44 48 52 2*25 42 11 52 11 43 24 44 42 62 0 25 52 11 40 61 0 48 0 43 56 0 41 3*0 42 0 25 0 41 42 11 40 41 11 64 0 1 64 50 42 11 60 0 43 62 2*0 4*64 29 43 28
MawC_Maw11C_01 18*0 100 2*0 3*100 17*0 100 5*0 100 0 100 2*0 100 0 3*100 0 100 0 99 7*0 100 99 17*0
Aus_Gri_09 6*48 45 48 2*45 46 3 47 48 47 48 45 48 0 47 48 3*0 2*48 3 48 44 47 3*48 3 44 3 48 45 47 2*48 0 48 47 3 48 47 0 43 0 47 44 0 46 3*0 48 0 48 0 47 48 3 48 47 3 48 0 1 48 2*47 3 47 0 2*48 2*0 4*48 22 48 21
Man_Man_28 4*82 71 82 8 82 58 60 40 10 72 82 39 42 43 37 0 44 42 3*0 63 79 10 43 54 60 2*8 42 10 63 10 42 8 44 42 79 0 8 60 10 37 77 0 56 0 44 69 0 41 3*0 40 0 8 0 39 41 10 37 39 10 82 0 1 82 56 41 10 77 0 42 79 2*0 4*82 38 43 36
MawC_Maw11C_02 18*0 100 2*0 3*100 17*0 100 5*0 100 0 100 2*0 100 0 3*100 0 100 0 100 7*0 100 99 17*0
Man_Man_11 4*44 45 44 49 44 2*43 46 4 43 44 47 48 45 48 0 47 48 3*0 46 44 4 48 42 45 2*52 48 4 42 4 48 49 47 48 44 0 52 45 4 48 43 0 41 0 46 41 0 46 3*0 48 0 52 0 47 48 4 48 47 4 44 0 1 44 45 47 4 43 0 48 44 2*0 4*44 20 48 19
MawC_Maw22C_10 18*0 100 2*0 3*100 17*0 100 5*0 100 0 100 2*0 100 0 3*100 0 100 0 99 7*0 100 99 17*0
MawC_Maw11C_07 18*0 100 2*0 3*100 17*0 100 5*0 100 0 100 2*0 100 0 3*100 0 100 0 100 7*0 100 99 17*0
MawC_Maw22C_03 18*0 100 2*0 3*100 17*0 100 5*0 100 0 100 2*0 100 0 3*100 0 100 0 100 7*0 100 99 17*0
Maw_Maw15_27b 4*43 45 43 53 43 44 43 48 0 44 43 49 51 46 51 0 49 50 3*0 47 44 0 50 43 45 2*57 50 0 42 0 50 53 49 51 44 0 57 46 0 51 43 0 42 0 48 40 0 48 3*0 51 0 56 0 49 50 0 51 50 0 43 0 1 43 46 49 0 42 0 50 44 2*0 4*43 20 50 19
MawC_Maw22C_P11 18*0 100 2*0 3*100 17*0 100 5*0 100 0 100 2*0 100 0 3*100 0 100 0 99 7*0 100 99 17*0
Maw_Maw22_08 4*0 15 0 93 0 26 22 52 0 11 0 56 55 47 59 0 49 55 3*0 25 5 0 52 28 27 2*100 55 0 18 0 54 93 49 55 5 0 100 27 0 60 4 0 25 0 48 8 0 52 3*0 56 0 100 0 56 55 0 60 56 5*0 32 54 0 4 0 53 5 7*0 53 0
MawC_Maw22C_12 18*0 100 2*0 100 99 100 17*0 99 5*0 100 0 99 2*0 100 0 99 2*100 0 99 0 99 7*0 100 98 17*0
Maw_Maw15_77 4*41 43 41 52 41 43 42 47 3 42 41 48 49 45 49 0 47 49 3*0 45 42 3 49 42 44 2*56 49 3 41 3 49 52 47 49 42 0 56 44 3 50 41 0 41 0 47 39 0 47 3*0 49 0 56 0 48 49 3 2*49 3 41 0 1 41 45 48 3 40 0 49 42 2*0 4*41 19 49 18
Biz_Biz_13 4*44 46 44 51 2*44 43 48 1 2*44 49 50 46 50 0 48 50 3*0 47 45 1 50 43 46 2*55 50 1 42 1 50 51 48 50 45 0 55 46 1 50 43 0 42 0 48 41 0 48 3*0 50 0 55 0 49 50 1 50 49 1 44 0 1 44 46 49 1 43 0 50 45 2*0 4*44 20 50 19
Ger_Nar_09 4*0 1 0 7 0 6 7 5 100 3 0 3 0 6 1 0 2 6*0 100 0 10 3 3*0 100 9 100 0 7 2 4*0 3 100 1 3 0 11 0 3 10 0 4 7*0 3 1 100 1 2 100 4*0 2*3 100 4 0 1 10*0
Biz_Biz_22 4*39 42 39 55 39 42 41 48 1 40 39 49 50 46 51 0 48 50 3*0 44 40 1 50 41 43 2*60 50 1 40 1 50 55 48 50 40 0 60 44 1 51 39 0 40 0 48 37 0 48 3*0 51 0 60 0 49 50 1 51 50 1 39 0 1 39 45 49 1 39 0 50 40 2*0 4*39 18 50 17
Maw_Maw15_P1 4*42 44 42 52 42 43 42 47 2 2*42 49 50 46 50 0 48 50 3*0 45 43 2 49 42 44 2*56 50 2 41 2 49 52 48 50 43 0 56 45 2 50 41 0 41 0 47 39 0 47 3*0 50 0 56 0 2*49 2 50 49 2 42 0 1 42 45 48 2 41 0 49 43 2*0 4*42 19 49 19
Ger_Nar_06 4*0 1 0 7 0 6 7 5 100 3 0 3 0 6 1 0 2 6*0 100 0 10 3 3*0 100 9 100 0 7 2 4*0 3 100 1 3 0 11 0 3 10 0 4 7*0 3 1 100 1 2 100 4*0 2*3 100 4 0 1 10*0
Zar_Zar_05 4*100 84 100 0 100 67 70 43 0 86 100 41 45 46 39 0 49 45 3*0 74 95 0 48 62 70 2*0 45 0 73 0 46 0 49 45 95 2*0 70 0 39 92 0 64 0 48 82 0 44 3*0 43 3*0 41 44 0 39 42 0 100 0 1 100 65 44 0 92 0 46 95 2*0 4*100 46 47 44
MawC_Maw22C_14 18*0 100 2*0 3*100 17*0 100 5*0 100 0 100 2*0 100 0 3*100 0 100 0 100 7*0 100 99 17*0
MawC_Maw22C_15 6*1 0 4*1 0 6*1 99 2*1 99 98 99 2*1 0 3*1 2*0 1 0 1 0 1 0 3*1 99 0 1 0 2*1 99 1 99 2*1 99 1 3*99 1 99 0 98 2*1 0 2*1 0 1 99 97 3*1 0 1 0 2*1 2*0 7*1
Zar_Zar_08 4*100 84 100 0 100 67 70 43 0 86 100 41 45 46 39 0 49 45 3*0 74 95 0 48 62 70 2*0 45 0 73 0 46 0 49 45 95 2*0 70 0 39 92 0 64 0 48 82 0 44 3*0 43 3*0 41 44 0 39 42 0 100 0 1 100 65 44 0 92 0 46 95 2*0 4*100 46 47 44
Man_Man_44 4*65 60 65 30 65 52 53 45 3 60 65 45 47 2*45 0 2*47 3*0 57 64 3 48 50 54 2*32 47 3 54 3 47 30 2*47 64 0 32 54 3 45 62 0 50 0 47 56 0 45 3*0 46 0 32 0 45 46 3 2*45 3 65 0 1 65 53 46 3 61 0 47 64 2*0 4*65 30 47 29
Man_Man_06 4*44 45 44 50 2*44 43 47 3 43 44 48 49 45 49 0 47 49 3*0 46 44 3 49 42 45 2*54 49 3 42 3 49 50 47 49 44 0 54 45 3 49 43 0 42 0 47 41 0 47 3*0 49 0 54 0 48 49 3 49 48 3 44 0 1 44 46 48 3 43 0 49 44 2*0 4*44 20 49 19
Ger_Nar_01 4*0 1 0 7 0 6 7 5 100 3 0 3 0 6 1 0 2 6*0 100 0 10 3 3*0 100 9 100 0 7 2 4*0 3 100 1 3 0 11 0 3 10 0 4 7*0 3 1 100 1 2 100 4*0 2*3 100 4 0 1 10*0
Biz_Biz_01 4*92 78 92 4 92 63 66 42 4 80 92 40 44 45 39 0 47 44 3*0 70 88 4 46 59 66 2*4 44 4 69 4 44 4 47 44 88 0 4 66 4 39 86 0 60 0 47 77 0 43 3*0 42 0 4 0 40 43 4 39 41 4 92 0 1 92 61 43 4 85 0 45 88 2*0 4*92 42 45 41
Wey_Wey_01 75*0 100 2*0 2*100 4*0 54 0 56
Ger_Ger_02 4*46 47 46 50 46 45 44 48 1 45 46 49 50 46 50 0 48 50 3*0 48 46 1 50 44 46 2*53 50 1 43 1 2*50 48 50 46 0 53 47 1 50 45 0 43 0 48 42 0 48 3*0 50 0 53 0 49 50 1 50 49 1 46 0 1 46 47 49 1 45 0 50 46 2*0 4*46 21 50 20
Man_Man_04 4*95 81 95 4 95 65 68 43 0 83 95 42 2*46 40 0 49 46 3*0 72 91 0 48 60 68 2*5 46 0 71 0 46 4 49 45 91 0 5 68 0 40 88 0 62 0 48 79 0 44 3*0 44 0 5 0 42 45 0 40 43 0 95 0 1 95 64 44 0 88 0 46 91 2*0 4*95 44 47 42
Wey_Wey_04 75*0 100 2*0 2*100 4*0 54 0 56
Wey_Wey_05 75*0 100 2*0 2*100 4*0 54 0 56
Zar_Zar_03 4*100 84 100 0 100 67 70 43 0 86 100 41 45 46 39 0 49 45 3*0 74 95 0 48 62 70 2*0 45 0 73 0 46 0 49 45 95 2*0 70 0 39 92 0 64 0 48 82 0 44 3*0 43 3*0 41 44 0 39 42 0 100 0 1 100 65 44 0 92 0 46 95 2*0 4*100 46 47 44
Zar_Zar_07 4*100 84 100 0 100 67 70 43 0 86 100 41 45 46 39 0 49 45 3*0 74 95 0 48 62 70 2*0 45 0 73 0 46 0 49 45 95 2*0 70 0 39 92 0 64 0 48 82 0 44 3*0 43 3*0 41 44 0 39 42 0 100 0 1 100 65 44 0 92 0 46 95 2*0 4*100 46 47 44
Zar_Zar_02 4*100 84 100 0 100 67 70 43 0 86 100 41 45 46 39 0 49 45 3*0 74 95 0 48 62 70 2*0 45 0 73 0 46 0 49 45 95 2*0 70 0 39 92 0 64 0 48 82 0 44 3*0 43 3*0 41 44 0 39 42 0 100 0 1 100 65 44 0 92 0 46 95 2*0 4*100 46 47 44
Zar_Zar_04 4*100 84 100 0 100 67 70 43 0 86 100 41 45 46 39 0 49 45 3*0 74 95 0 48 62 70 2*0 45 0 73 0 46 0 49 45 95 2*0 70 0 39 92 0 64 0 48 82 0 44 3*0 43 3*0 41 44 0 39 42 0 100 0 1 100 65 44 0 92 0 46 95 2*0 4*100 46 47 44
Wey_Wey_03 4*46 39 46 0 46 31 32 20 0 39 46 19 2*21 18 0 23 21 3*0 34 44 0 22 28 32 2*0 21 0 34 0 21 0 23 21 44 2*0 32 0 18 42 0 29 0 22 38 0 20 3*0 20 3*0 19 20 0 18 19 0 46 0 1 46 30 20 0 42 54 21 44 2*54 4*46 50 21 50
Maw_Maw15_75 6*47 49 47 2*45 48 1 46 47 49 50 46 50 0 49 50 3*0 48 47 1 50 44 47 2*53 50 1 44 1 50 2*49 50 47 0 53 47 1 50 45 0 43 0 48 43 0 48 3*0 50 0 53 0 49 50 1 50 49 1 47 0 1 2*47 49 1 45 0 50 47 2*0 4*47 21 50 21
Wey_Wey_02 4*44 37 44 0 44 30 31 19 0 38 44 18 20 21 17 0 22 20 3*0 33 42 0 21 27 31 2*0 20 0 32 0 20 0 22 20 42 2*0 31 0 17 41 0 28 0 21 36 0 19 3*0 19 3*0 18 19 0 17 19 0 44 0 1 44 29 19 0 41 56 20 42 2*56 4*44 50 21 51
