-----------------------------------------------------------------
PopCluster, Version 1.4.0.0, Build 20240115, Expire Date 20270115
              Copyright (C) 2017-2024 Jinliang Wang
        Institute of Zoology, Zoological Society of London
                  Email: jinliang.wang@ioz.ac.uk
-----------------------------------------------------------------


------------------------------
Running parameters and options
------------------------------

Command line arguments:
  C:\ZSL\PopCluster1\PopClusterWin INP:C:\ZSL\PopCluster1\Results\Pcalcareum_ramets\Pcalcareum_ramets.PcPjt MPI:1 OMP:2

Run parameters:
  Number of individuals = 87
  Mean number alleles/locus = 2.00
  Minimum number alleles/locus = 2
  Maximum number alleles/locus = 2
  Number monomorphic loci = 0
  Number polymorphic loci = 15328
  Number all loci = 15328
  Number of assumed populations (K:1-8) = 6
  Random number seed = 123
  Replicate run (out of 10) = 9
  Number of MPI parallel processes used = 4
  Number of openMP threads per MPI process = 2
  Missing value = -9
  LocusAdmixQ = 0
  Parameter file = C:\ZSL\PopCluster1\Results\Pcalcareum_ramets\Pcalcareum_ramets.PcPjt
  Genotype file = C:\ZSL\PopCluster1\Results\Pcalcareum_ramets\Pcalcareum_ramets.dat
  PopDataQ = 0
  PopFlagQ = 0
  OutAlleleFre = 0
  Model = 2
  Scaling = 2
  AllSNP = 1
  UseKMeans = 0
  LocusFst = 0
  DataForm = 0
  Search method = AssignProb
  Allele frequency prior = Equal
    (Frequency prior reset from 2 to 1 due to Scaling > 0)


---------------------------------------
Summary of analyses of Run = 9 at K = 6
---------------------------------------
Run      WeekDay   Date(D/M/Y) Time(S/M/H)
Started  Tuesday   09/09/2025  07/24/08
Finished Tuesday   09/09/2025  58/24/10

Clustering analysis:
  LogL, NumIter = -2.4295147159E+05, 203467
  TimeTaken(WallClock second) = 272

Admixture analysis:
  Tol, NumIter = 7.0088405355E-08, 50
  TimeTaken(WallClock second) = 18


----------------------------
Distribution of missing data
----------------------------
  #MissGtype       #Loci
           0       15328

A genotype with both alleles missing is counted
  as a missing genotype (MissGtype)
A monomorphic locus is counted as having 87 MissGtype


---------------------------
Clustering analysis results
---------------------------
Estimated cluster of individuals 1~87
           Label  #Hom  #Het #Mis       F ML_C
      Zar_Zar_10 12221  3107    0  0.0284    1
      Zar_Zar_06 12279  3049    0  0.0384    1
      Zar_Zar_11 12343  2985    0  0.0410    1
      Zar_Zar_12 12415  2913    0  0.0596    1
      Aus_Gri_15 11544  3784    0 -0.0486    1
      Aus_Gri_12 12180  3148    0  0.0324    1
    Maw_Maw22_04 11238  4090    0  0.0052    6
      Man_Man_08 12253  3075    0  0.0349    1
      Biz_Biz_06 11281  4047    0 -0.0863    3
      Man_Man_24 11359  3969    0 -0.0692    3
      Ger_Ger_01 10273  5055    0 -0.1932    3
      Ger_Nar_07 11440  3888    0 -0.0832    5
      Aus_Gri_13 11778  3550    0 -0.0261    1
      Zar_Zar_01 12497  2831    0  0.0744    1
    Maw_Maw15_84 10367  4961    0 -0.1894    3
      Aus_Gri_11 10422  4906    0 -0.1681    3
      Man_Man_07 11237  4091    0 -0.0686    3
      Aus_Gri_14 10364  4964    0 -0.1811    3
  MawC_Maw22C_06  5043 10285    0 -0.5336    2
      Biz_Biz_12 11406  3922    0 -0.0327    3
      Ger_Ger_05 10441  4887    0 -0.1737    3
  MawC_Maw11C_04  6555  8773    0 -0.1679    2
  MawC_Maw22C_16  5153 10175    0 -0.5089    2
  MawC_Maw11C_06  5862  9466    0 -0.3466    2
      Man_Man_10 11202  4126    0 -0.0783    3
      Man_Man_03 11762  3566    0 -0.0241    1
      Ger_Nar_02 11417  3911    0 -0.0847    5
      Ger_Nar_05 10439  4889    0 -0.1788    3
      Ger_Nar_10 11186  4142    0 -0.0856    3
      Biz_Biz_20 11713  3615    0 -0.0173    3
    Aus_AusII_03 10649  4679    0 -0.0793    6
      Aus_Gri_01 10669  4659    0 -0.0758    6
      Ger_Ger_06 10356  4972    0 -0.1867    3
      Ger_Nar_04 11400  3928    0 -0.0865    5
      Biz_Biz_19 11501  3827    0 -0.0622    3
      Ger_Nar_03 11409  3919    0 -0.0855    5
    Maw_Maw15_82 10422  4906    0 -0.1751    3
    Maw_Maw22_07 11196  4132    0  0.0002    6
      Biz_Biz_23 11446  3882    0 -0.0356    3
      Ger_Ger_04 10313  5015    0 -0.1926    3
      Man_Man_21 11845  3483    0 -0.0095    1
  MawC_Maw11C_09  5348  9980    0 -0.4848    2
    Aus_AusII_06 10670  4658    0 -0.0778    6
      Biz_Biz_24 11469  3859    0 -0.0539    3
      Ger_Nar_08 11418  3910    0 -0.0849    5
      Aus_Gri_06 10379  4949    0 -0.1734    3
      Biz_Biz_21 11636  3692    0 -0.0412    1
  MawC_Maw11C_10  5270 10058    0 -0.4916    2
      Man_Man_05 11035  4293    0 -0.1186    3
  MawC_Maw11C_01  6302  9026    0 -0.2184    2
      Aus_Gri_09 11276  4052    0 -0.0647    3
      Man_Man_28 12086  3242    0  0.0138    1
  MawC_Maw11C_02  5573  9755    0 -0.4118    2
      Man_Man_11 10354  4974    0 -0.1833    3
  MawC_Maw22C_10  5113 10215    0 -0.5241    2
  MawC_Maw11C_07  5335  9993    0 -0.4620    2
  MawC_Maw22C_03  5148 10180    0 -0.5090    2
   Maw_Maw15_27b 10406  4922    0 -0.1776    3
 MawC_Maw22C_P11  5104 10224    0 -0.5239    2
    Maw_Maw22_08 10814  4514    0 -0.0441    6
  MawC_Maw22C_12  5119 10209    0 -0.5139    2
    Maw_Maw15_77 10397  4931    0 -0.1867    3
      Biz_Biz_13 10458  4870    0 -0.1669    3
      Ger_Nar_09 11435  3893    0 -0.0832    5
      Biz_Biz_22 10340  4988    0 -0.1842    3
    Maw_Maw15_P1 10545  4783    0 -0.1657    3
      Ger_Nar_06 11406  3922    0 -0.0865    5
      Zar_Zar_05 12391  2937    0  0.0514    1
  MawC_Maw22C_14  5081 10247    0 -0.5200    2
  MawC_Maw22C_15  5251 10077    0 -0.4785    2
      Zar_Zar_08 12363  2965    0  0.0476    1
      Man_Man_44 11467  3861    0 -0.0351    3
      Man_Man_06 10286  5042    0 -0.1873    3
      Ger_Nar_01 11582  3746    0 -0.0645    5
      Biz_Biz_01 11664  3664    0 -0.0389    1
      Wey_Wey_01 10997  4331    0 -0.0523    4
      Ger_Ger_02 10392  4936    0 -0.1803    3
      Man_Man_04 12025  3303    0  0.0178    1
      Wey_Wey_04 11215  4113    0 -0.0131    4
      Wey_Wey_05 11029  4299    0 -0.0480    4
      Zar_Zar_03 12133  3195    0  0.0087    1
      Zar_Zar_07 12233  3095    0  0.0409    1
      Zar_Zar_02 12317  3011    0  0.0473    1
      Zar_Zar_04 12342  2986    0  0.0423    1
      Wey_Wey_03 11127  4201    0 -0.0673    4
    Maw_Maw15_75 10341  4987    0 -0.1847    3
      Wey_Wey_02 11150  4178    0 -0.0667    4

Column note
  1-Individual Label (Label)
  2-Number Homozygotes (#Hom)
  3-Number Heterozygotes (#Het)
  4-Number (partial) Missing Genotypes (#Mis)
  5-Individual Inbreeding (F)
  6-ML ClusterID (ML_C)

%individuals with F < -1/(#individuals) = 0.7701


----------------------------------------
Inferred clusters: F-Statistics analysis
----------------------------------------
Cluster #Members     Fst     Fis     Fit
      1       21  0.4108 -0.2439  0.2671
      2       15 -0.1947 -0.8894 -1.2572
      3       32  0.2271 -0.3411 -0.0364
      4        5  0.3470 -0.4735  0.0379
      5        8  0.5353 -0.9064  0.1141
      6        6  0.3821 -0.6423 -0.0147


--------------------------------
Inferred Fst between populations
--------------------------------
    Pop#    Pop1    Pop2    Pop3    Pop4    Pop5    Pop6
    Pop1  0.4303
    Pop2  0.3948 -0.1524
    Pop3  0.1547  0.3407  0.2642
    Pop4  0.2159  0.3254  0.2450  0.2840
    Pop5  0.2050  0.4018  0.1930  0.2920  0.4470
    Pop6  0.3486  0.3661  0.1474  0.3718  0.3220  0.3387

NOTE: Fst(i,i) is Fst for pop i from all populations (including i)
      Fst(i,j) (i<j) is Fst between populations i and j


------------------
Admixture analysis
------------------
Inferred ancestry of individuals 1~87 (%Miss includes monomorphic loci)
Index Order           Label %Miss Cluster : Inferred ancestry in clusters 1~6
    1     8      Zar_Zar_10   0.0       1 : 0.998 0.000 0.000 0.001 0.001 0.000
    2     9      Zar_Zar_06   0.0       1 : 0.997 0.000 0.001 0.001 0.001 0.000
    3     2      Zar_Zar_11   0.0       1 : 0.998 0.000 0.000 0.001 0.001 0.000
    4     7      Zar_Zar_12   0.0       1 : 0.998 0.000 0.000 0.001 0.001 0.000
    5    21      Aus_Gri_15   0.0       1 : 0.683 0.000 0.285 0.001 0.019 0.012
    6    13      Aus_Gri_12   0.0       1 : 0.991 0.000 0.001 0.001 0.007 0.000
    7    86    Maw_Maw22_04   0.0       6 : 0.002 0.000 0.001 0.001 0.034 0.962
    8    11      Man_Man_08   0.0       1 : 0.997 0.000 0.001 0.001 0.001 0.000
    9    62      Biz_Biz_06   0.0       3 : 0.313 0.005 0.314 0.093 0.152 0.123
   10    66      Man_Man_24   0.0       3 : 0.274 0.006 0.274 0.136 0.169 0.141
   11    57      Ger_Ger_01   0.0       3 : 0.223 0.004 0.339 0.006 0.090 0.338
   12    81      Ger_Nar_07   0.0       5 : 0.000 0.000 0.000 0.000 1.000 0.000
   13    19      Aus_Gri_13   0.0       1 : 0.775 0.000 0.113 0.001 0.057 0.054
   14     6      Zar_Zar_01   0.0       1 : 0.998 0.000 0.000 0.001 0.001 0.000
   15    45    Maw_Maw15_84   0.0       3 : 0.002 0.000 0.979 0.001 0.012 0.006
   16    47      Aus_Gri_11   0.0       3 : 0.206 0.000 0.559 0.001 0.010 0.224
   17    56      Man_Man_07   0.0       3 : 0.343 0.004 0.344 0.012 0.106 0.191
   18    39      Aus_Gri_14   0.0       3 : 0.001 0.000 0.992 0.001 0.002 0.004
   19    23  MawC_Maw22C_06   0.0       2 : 0.000 1.000 0.000 0.000 0.000 0.000
   20    53      Biz_Biz_12   0.0       3 : 0.362 0.004 0.362 0.004 0.048 0.220
   21    37      Ger_Ger_05   0.0       3 : 0.002 0.000 0.994 0.000 0.002 0.002
   22    34  MawC_Maw11C_04   0.0       2 : 0.000 1.000 0.000 0.000 0.000 0.000
   23    35  MawC_Maw22C_16   0.0       2 : 0.000 0.999 0.000 0.001 0.000 0.000
   24    30  MawC_Maw11C_06   0.0       2 : 0.000 1.000 0.000 0.000 0.000 0.000
   25    67      Man_Man_10   0.0       1 : 0.273 0.007 0.273 0.144 0.157 0.146
   26    16      Man_Man_03   0.0       1 : 0.932 0.000 0.015 0.001 0.002 0.050
   27    76      Ger_Nar_02   0.0       5 : 0.000 0.000 0.000 0.000 1.000 0.000
   28    49      Ger_Nar_05   0.0       3 : 0.284 0.000 0.427 0.001 0.007 0.281
   29    65      Ger_Nar_10   0.0       3 : 0.283 0.005 0.283 0.112 0.171 0.146
   30    61      Biz_Biz_20   0.0       1 : 0.318 0.005 0.317 0.092 0.147 0.121
   31    84    Aus_AusII_03   0.0       6 : 0.000 0.000 0.001 0.000 0.000 0.999
   32    82      Aus_Gri_01   0.0       6 : 0.000 0.000 0.001 0.000 0.000 0.999
   33    38      Ger_Ger_06   0.0       3 : 0.002 0.000 0.993 0.000 0.002 0.003
   34    75      Ger_Nar_04   0.0       5 : 0.000 0.000 0.000 0.000 1.000 0.000
   35    68      Biz_Biz_19   0.0       3 : 0.239 0.052 0.241 0.152 0.170 0.146
   36    80      Ger_Nar_03   0.0       5 : 0.000 0.000 0.000 0.000 1.000 0.000
   37    52    Maw_Maw15_82   0.0       6 : 0.128 0.004 0.365 0.054 0.083 0.366
   38    87    Maw_Maw22_07   0.0       6 : 0.002 0.000 0.001 0.001 0.036 0.960
   39    46      Biz_Biz_23   0.0       3 : 0.314 0.000 0.582 0.001 0.019 0.084
   40    40      Ger_Ger_04   0.0       3 : 0.002 0.000 0.992 0.001 0.002 0.003
   41    15      Man_Man_21   0.0       1 : 0.935 0.000 0.012 0.001 0.002 0.050
   42    22  MawC_Maw11C_09   0.0       2 : 0.000 1.000 0.000 0.000 0.000 0.000
   43    85    Aus_AusII_06   0.0       6 : 0.000 0.000 0.001 0.000 0.000 0.999
   44    60      Biz_Biz_24   0.0       3 : 0.324 0.005 0.324 0.089 0.142 0.116
   45    79      Ger_Nar_08   0.0       5 : 0.000 0.000 0.000 0.000 1.000 0.000
   46    42      Aus_Gri_06   0.0       3 : 0.001 0.000 0.991 0.001 0.002 0.005
   47    17      Biz_Biz_21   0.0       1 : 0.811 0.000 0.138 0.001 0.047 0.003
   48    33  MawC_Maw11C_10   0.0       2 : 0.000 1.000 0.000 0.000 0.000 0.000
   49    64      Man_Man_05   0.0       3 : 0.288 0.005 0.288 0.114 0.178 0.127
   50    26  MawC_Maw11C_01   0.0       2 : 0.000 1.000 0.000 0.000 0.000 0.000
   51    55      Aus_Gri_09   0.0       3 : 0.357 0.004 0.357 0.004 0.063 0.215
   52    20      Man_Man_28   0.0       1 : 0.769 0.000 0.059 0.001 0.116 0.055
   53    25  MawC_Maw11C_02   0.0       2 : 0.000 1.000 0.000 0.000 0.000 0.000
   54    50      Man_Man_11   0.0       3 : 0.238 0.000 0.401 0.001 0.062 0.298
   55    31  MawC_Maw22C_10   0.0       2 : 0.000 1.000 0.000 0.000 0.000 0.000
   56    32  MawC_Maw11C_07   0.0       2 : 0.000 1.000 0.000 0.000 0.000 0.000
   57    24  MawC_Maw22C_03   0.0       2 : 0.000 1.000 0.000 0.000 0.000 0.000
   58    54   Maw_Maw15_27b   0.0       6 : 0.252 0.003 0.360 0.004 0.020 0.361
   59    27 MawC_Maw22C_P11   0.0       2 : 0.000 1.000 0.000 0.000 0.000 0.000
   60    83    Maw_Maw22_08   0.0       6 : 0.000 0.000 0.001 0.000 0.000 0.999
   61    28  MawC_Maw22C_12   0.0       2 : 0.000 1.000 0.000 0.000 0.000 0.000
   62    44    Maw_Maw15_77   0.0       3 : 0.002 0.000 0.980 0.001 0.011 0.006
   63    51      Biz_Biz_13   0.0       3 : 0.259 0.000 0.385 0.001 0.025 0.330
   64    77      Ger_Nar_09   0.0       5 : 0.000 0.000 0.000 0.000 1.000 0.000
   65    41      Biz_Biz_22   0.0       3 : 0.001 0.000 0.991 0.001 0.002 0.005
   66    43    Maw_Maw15_P1   0.0       3 : 0.002 0.000 0.981 0.001 0.009 0.007
   67    78      Ger_Nar_06   0.0       5 : 0.000 0.000 0.000 0.000 1.000 0.000
   68     4      Zar_Zar_05   0.0       1 : 0.998 0.000 0.000 0.001 0.001 0.000
   69    29  MawC_Maw22C_14   0.0       2 : 0.000 1.000 0.000 0.000 0.000 0.000
   70    36  MawC_Maw22C_15   0.0       2 : 0.005 0.991 0.001 0.001 0.002 0.000
   71     3      Zar_Zar_08   0.0       1 : 0.998 0.000 0.000 0.001 0.001 0.000
   72    63      Man_Man_44   0.0       3 : 0.308 0.005 0.310 0.079 0.136 0.162
   73    48      Man_Man_06   0.0       3 : 0.181 0.000 0.548 0.001 0.043 0.227
   74    74      Ger_Nar_01   0.0       5 : 0.000 0.000 0.000 0.000 1.000 0.000
   75    18      Biz_Biz_01   0.0       1 : 0.811 0.000 0.136 0.001 0.049 0.003
   76    70      Wey_Wey_01   0.0       4 : 0.000 0.000 0.000 1.000 0.000 0.000
   77    58      Ger_Ger_02   0.0       3 : 0.267 0.004 0.339 0.005 0.047 0.338
   78    14      Man_Man_04   0.0       1 : 0.936 0.000 0.013 0.000 0.001 0.050
   79    69      Wey_Wey_04   0.0       4 : 0.000 0.000 0.000 1.000 0.000 0.000
   80    71      Wey_Wey_05   0.0       4 : 0.000 0.000 0.000 1.000 0.000 0.000
   81    12      Zar_Zar_03   0.0       1 : 0.997 0.000 0.001 0.001 0.001 0.000
   82     1      Zar_Zar_07   0.0       1 : 0.998 0.000 0.001 0.000 0.001 0.000
   83    10      Zar_Zar_02   0.0       1 : 0.997 0.000 0.001 0.000 0.002 0.000
   84     5      Zar_Zar_04   0.0       1 : 0.998 0.000 0.000 0.001 0.001 0.000
   85    73      Wey_Wey_03   0.0       4 : 0.384 0.000 0.001 0.614 0.001 0.000
   86    59    Maw_Maw15_75   0.0       3 : 0.285 0.004 0.336 0.004 0.035 0.336
   87    72      Wey_Wey_02   0.0       4 : 0.362 0.000 0.001 0.635 0.002 0.000


----------------------------------------------------------
Pairwise co-assignment probability from admixture analysis
----------------------------------------------------------
Inferred co-assignment probability between an individual in a row (i) and an individual in a column (j)
  Individuals in both row i and column j are ordered as in the genotype data. Values are c(i,j)*100
Zar_Zar_10 4*100 68 99 0 99 31 27 22 0 77 100 0 21 34 2*0 36 4*0 27 93 0 2*28 32 4*0 24 0 13 0 31 0 93 2*0 32 2*0 81 0 29 0 36 77 0 24 3*0 25 4*0 26 4*0 100 2*0 100 31 18 0 81 0 27 93 2*0 99 100 99 100 38 28 36
Zar_Zar_06 100 99 2*100 68 99 0 99 31 27 22 0 77 100 0 21 34 2*0 36 4*0 27 93 0 2*28 32 4*0 24 0 13 0 31 0 93 2*0 32 2*0 81 0 29 0 36 77 0 24 3*0 25 4*0 26 4*0 100 2*0 100 31 18 0 81 0 27 93 2*0 99 100 99 100 38 28 36
Zar_Zar_11 4*100 68 99 0 100 31 27 22 0 77 100 0 21 34 2*0 36 4*0 27 93 0 2*28 32 4*0 24 0 13 0 31 0 93 2*0 32 2*0 81 0 29 0 36 77 0 24 3*0 25 4*0 26 4*0 100 2*0 100 31 18 0 81 0 27 93 2*0 99 3*100 38 28 36
Zar_Zar_12 4*100 68 99 0 99 31 27 22 0 77 100 0 21 34 2*0 36 4*0 27 93 0 2*28 32 4*0 24 0 13 0 31 0 93 2*0 32 2*0 81 0 29 0 36 77 0 24 3*0 25 4*0 26 4*0 100 2*0 100 31 18 0 81 0 27 93 2*0 99 100 99 100 38 28 36
Aus_Gri_15 4*68 55 68 1 68 31 27 25 2 56 68 28 30 34 28 0 35 28 3*0 27 64 2 32 28 31 2*1 28 2 24 2 20 1 38 28 64 0 1 32 2 28 59 0 28 0 35 54 0 28 3*0 28 0 1 0 28 29 2 2*28 2 68 2*0 68 30 28 2 59 0 28 64 2*0 4*68 26 29 25
Aus_Gri_12 4*99 68 98 0 99 31 27 22 1 77 99 0 20 34 2*0 36 4*0 27 92 1 2*28 32 3*0 1 24 1 13 0 31 0 93 2*0 32 1 0 80 0 29 0 35 76 0 24 3*0 25 4*0 26 1 2*0 1 99 2*0 99 31 18 1 80 0 27 93 2*0 4*99 38 28 36
Maw_Maw22_04 4*0 1 0 93 0 12 14 33 3 6 0 1 22 19 1 0 21 4*0 15 5 3 27 15 12 2*96 0 3 15 3 36 93 8 0 5 0 96 12 3 2*1 0 13 0 21 6 0 29 3*0 35 0 96 0 1 32 3 2*1 3 4*0 16 22 3 1 0 33 5 7*0 33 0
Man_Man_08 2*99 100 99 68 99 0 99 31 27 22 0 77 99 0 20 34 2*0 36 4*0 27 93 0 2*28 32 4*0 24 0 13 0 31 0 93 2*0 32 2*0 81 0 29 0 36 77 0 24 3*0 25 4*0 26 4*0 99 2*0 99 31 18 0 81 0 27 93 2*0 99 100 2*99 38 28 36
Biz_Biz_06 6*31 12 31 24 2*23 15 29 2*31 27 26 31 0 26 31 0 1 0 23 30 15 26 23 24 2*12 31 15 21 15 22 12 29 31 30 0 12 25 15 2*31 0 23 0 26 28 0 25 3*0 24 0 12 0 31 25 15 2*31 15 31 0 1 31 24 26 15 30 9 24 30 2*9 4*31 18 24 17
Man_Man_24 6*27 14 27 23 2*22 17 26 2*27 24 23 27 1 24 27 3*1 22 27 17 24 22 23 2*14 27 17 20 17 21 14 26 2*27 1 14 23 17 2*27 1 22 1 24 25 1 23 3*1 22 1 14 1 27 23 17 2*27 17 27 2*1 27 23 24 17 27 14 22 27 2*14 4*27 19 22 19
Ger_Ger_01 4*22 25 22 33 22 23 22 29 9 23 22 34 31 27 34 0 28 34 3*0 22 23 9 30 22 23 3*34 9 20 9 28 33 30 34 23 0 34 24 9 34 23 0 22 0 28 22 0 30 3*0 30 0 34 0 34 30 9 2*34 9 22 0 1 22 24 31 9 23 1 29 23 2*1 4*22 9 29 9
Ger_Nar_07 4*0 2 1 3 0 15 17 9 100 6 0 2*1 11 2*0 5 4*0 16 0 100 1 17 15 3*0 100 17 100 8 4 2 4*0 14 100 0 5 0 18 0 6 12 0 6 3*0 2 3*0 1 3 100 0 1 100 4*0 14 4 100 5 0 5 8*0 4 0
Aus_Gri_13 4*77 56 77 6 77 29 26 23 6 62 77 11 24 32 11 0 34 11 3*0 26 73 6 28 27 30 2*5 11 6 23 6 16 6 31 11 73 0 5 30 6 11 65 0 27 0 33 61 0 25 3*0 26 0 5 0 11 26 6 2*11 6 77 2*0 77 29 22 6 65 0 27 73 2*0 4*77 30 2*28
Zar_Zar_01 4*100 68 99 0 99 31 27 22 0 77 100 0 21 34 2*0 36 4*0 27 93 0 2*28 32 4*0 24 0 13 0 31 0 93 2*0 32 2*0 81 0 29 0 36 77 0 24 3*0 25 4*0 26 4*0 100 2*0 100 31 18 0 81 0 27 93 2*0 99 100 99 100 38 28 36
Maw_Maw15_84 4*0 28 0 1 0 31 27 34 1 11 0 96 55 34 97 0 36 97 3*0 27 2 1 42 28 31 2*1 97 1 24 1 36 1 57 97 1 0 1 32 1 97 14 0 29 0 35 6 0 40 3*0 36 0 1 0 96 38 1 97 96 1 4*0 31 54 1 14 0 33 1 7*0 33 0
Aus_Gri_11 4*21 30 20 22 21 27 24 31 1 24 21 55 41 31 56 0 33 56 3*0 24 21 1 36 25 27 2*22 56 1 22 1 31 22 41 56 21 0 22 28 1 56 24 0 25 0 32 20 0 34 3*0 33 0 22 0 55 34 1 56 55 1 21 2*0 21 27 39 1 24 0 32 21 2*0 4*21 8 32 7
Man_Man_07 6*34 19 34 26 23 27 11 32 2*34 31 28 34 0 30 34 3*0 23 33 11 30 24 26 2*19 34 11 21 11 25 19 33 34 33 0 19 26 11 34 33 0 24 0 29 31 0 28 3*0 28 0 19 0 34 29 11 2*34 11 34 0 1 34 26 30 11 33 1 28 34 2*1 4*34 14 28 13
Aus_Gri_14 4*0 28 0 1 0 31 27 34 0 11 0 97 56 34 98 0 36 99 3*0 27 2 0 43 28 32 2*0 98 0 24 0 36 1 58 98 1 2*0 32 0 98 14 0 29 0 36 6 0 40 3*0 36 3*0 97 38 0 98 97 5*0 31 54 0 14 0 34 1 7*0 34 0
MawC_Maw22C_06 9*0 1 8*0 100 2*0 3*100 1 9*0 5 6*0 100 5*0 100 0 100 2*0 100 0 3*100 0 100 0 100 7*0 100 99 17*0
Biz_Biz_12 4*36 35 36 21 36 26 24 28 5 34 2*36 33 30 36 0 31 36 3*0 24 35 5 32 25 26 2*22 36 5 21 5 26 21 34 36 35 0 22 27 5 36 35 0 25 0 31 32 0 30 3*0 30 0 22 0 36 31 5 2*36 5 36 0 1 36 27 32 5 35 0 30 35 2*0 4*36 14 30 13
Ger_Ger_05 4*0 28 3*0 31 27 34 0 11 0 97 56 34 99 0 36 99 3*0 27 2 0 43 28 32 2*0 99 0 24 0 36 0 58 99 1 2*0 32 0 98 14 0 29 0 36 6 0 40 3*0 36 3*0 97 38 0 99 97 5*0 31 55 0 14 0 34 1 7*0 34 0
MawC_Maw11C_04 9*0 1 8*0 100 2*0 3*100 1 9*0 5 6*0 100 5*0 100 0 100 2*0 100 0 3*100 0 100 0 100 7*0 100 99 17*0
MawC_Maw22C_16 9*0 1 8*0 100 2*0 3*100 1 9*0 5 6*0 100 5*0 100 0 100 2*0 100 0 3*100 0 100 0 100 7*0 100 99 17*0
MawC_Maw11C_06 9*0 1 8*0 100 2*0 3*100 1 9*0 5 6*0 100 5*0 100 0 100 2*0 100 0 3*100 0 100 0 100 7*0 100 99 17*0
Man_Man_10 6*27 15 27 23 2*22 16 26 2*27 24 23 27 1 24 27 3*1 22 27 16 24 22 23 2*15 27 16 20 16 21 15 26 2*27 1 15 23 16 2*27 1 22 1 24 25 1 23 3*1 22 1 15 1 27 23 16 2*27 16 27 2*1 27 22 24 16 27 14 22 27 2*14 4*27 19 22 19
Man_Man_03 4*93 64 92 5 93 30 27 23 0 73 93 2 21 33 2 0 35 2 3*0 27 87 0 2*28 31 2*5 2 0 23 0 14 5 31 2 87 0 5 31 0 2 76 0 28 0 35 72 0 24 3*0 26 0 5 0 2 26 0 2*2 0 93 2*0 93 30 19 0 76 0 27 88 2*0 4*93 36 29 34
Ger_Nar_02 4*0 2 1 3 0 15 17 9 100 6 0 2*1 11 2*0 5 4*0 16 0 100 1 17 15 3*0 100 17 100 8 4 2 4*0 14 100 0 5 0 18 0 6 12 0 6 3*0 2 3*0 1 3 100 0 1 100 4*0 14 4 100 5 0 5 8*0 4 0
Ger_Nar_05 4*28 32 28 27 28 26 24 30 1 2*28 42 36 30 43 0 32 43 3*0 24 28 1 34 24 26 2*28 43 1 21 1 30 27 36 43 28 0 28 26 1 42 29 0 24 0 31 26 0 32 3*0 33 0 28 0 42 33 1 43 42 1 28 2*0 28 27 35 1 29 0 32 28 2*0 4*28 11 32 10
Ger_Nar_10 6*28 15 28 23 2*22 17 27 2*28 25 24 28 1 25 28 2*1 0 22 28 17 24 22 23 2*15 28 17 20 17 21 15 27 2*28 1 15 23 17 2*28 1 22 1 24 26 1 24 0 2*1 23 1 15 1 28 23 17 2*28 17 28 0 1 28 23 25 17 28 11 23 28 2*11 4*28 18 23 17
Biz_Biz_20 4*32 31 32 12 32 24 2*23 15 30 32 31 27 26 32 1 26 32 0 1 0 23 31 15 26 23 25 2*12 32 15 21 15 22 12 30 32 31 0 12 25 15 32 31 0 23 1 26 29 1 25 2*0 1 24 1 12 1 31 25 15 32 31 15 32 0 1 32 24 27 15 31 9 24 31 2*9 4*32 18 24 17
Aus_AusII_03 4*0 1 0 96 0 12 14 34 0 5 0 1 22 19 2*0 22 4*0 15 5 0 28 15 12 2*100 2*0 15 0 37 96 8 0 5 0 100 12 4*0 13 0 21 6 0 30 3*0 36 0 100 0 1 33 2*0 1 5*0 16 23 3*0 34 5 7*0 34 0
Aus_Gri_01 4*0 1 0 96 0 12 14 34 0 5 0 1 22 19 2*0 22 4*0 15 5 0 28 15 12 2*100 2*0 15 0 37 96 8 0 5 0 100 12 4*0 13 0 21 6 0 30 3*0 36 0 100 0 1 33 2*0 1 5*0 16 23 3*0 34 5 7*0 34 0
Ger_Ger_06 4*0 28 3*0 31 27 34 0 11 0 97 56 34 98 0 36 99 3*0 27 2 0 43 28 32 2*0 99 0 24 0 36 0 58 98 1 2*0 32 0 98 14 0 29 0 36 6 0 40 3*0 36 3*0 97 38 0 98 97 5*0 31 54 0 14 0 34 1 7*0 34 0
Ger_Nar_04 4*0 2 1 3 0 15 17 9 100 6 0 2*1 11 2*0 5 4*0 16 0 100 1 17 15 3*0 100 17 100 8 4 2 4*0 14 100 0 5 0 18 0 6 12 0 6 3*0 2 3*0 1 3 100 0 1 100 4*0 14 4 100 5 0 5 8*0 4 0
Biz_Biz_19 6*24 15 24 21 2*20 17 23 2*24 22 21 24 5 21 24 3*5 20 23 17 21 20 21 2*15 24 17 19 17 19 15 23 24 23 5 15 21 17 2*24 5 20 5 21 23 5 21 3*5 20 5 15 5 24 21 17 2*24 17 24 2*5 24 21 22 17 24 15 20 23 2*15 4*24 19 21 18
Ger_Nar_03 4*0 2 1 3 0 15 17 9 100 6 0 2*1 11 2*0 5 4*0 16 0 100 1 17 15 3*0 100 17 100 8 4 2 4*0 14 100 0 5 0 18 0 6 12 0 6 3*0 2 3*0 1 3 100 0 1 100 4*0 14 4 100 5 0 5 8*0 4 0
Maw_Maw15_82 4*13 20 13 36 13 22 21 28 8 16 13 36 31 25 36 0 26 36 3*0 21 14 8 30 21 22 2*37 36 8 19 8 29 35 28 36 14 0 37 22 8 36 16 0 21 0 26 15 0 29 3*0 30 0 37 0 36 30 8 2*36 8 13 0 1 13 23 31 8 16 5 29 14 2*5 4*13 8 28 8
Maw_Maw22_07 4*0 1 0 93 0 12 14 33 4 6 0 1 22 19 1 0 21 4*0 15 5 4 27 15 12 2*96 0 4 15 4 35 92 8 0 5 0 96 12 4 2*1 0 13 0 21 6 0 29 3*0 35 0 96 0 1 32 4 2*1 4 4*0 16 22 4 1 0 33 5 7*0 32 0
Biz_Biz_23 4*31 38 31 8 31 29 26 30 2 2*31 57 41 33 58 0 34 58 3*0 26 31 2 36 27 30 2*8 58 2 23 2 28 8 44 58 30 0 8 30 2 58 34 0 27 0 34 28 0 33 3*0 32 0 8 0 57 33 2 58 57 2 31 2*0 31 29 40 2 33 0 2*31 2*0 4*31 12 31 11
Ger_Ger_04 4*0 28 3*0 31 27 34 0 11 0 97 56 34 98 0 36 99 3*0 27 2 0 43 28 32 2*0 98 0 24 0 36 0 58 98 1 2*0 32 0 98 14 0 29 0 36 6 0 40 3*0 36 3*0 97 38 0 98 97 5*0 31 54 0 14 0 34 1 7*0 33 0
Man_Man_21 4*93 64 93 5 93 30 27 23 0 73 93 1 21 33 1 0 35 1 3*0 27 87 0 2*28 31 2*5 1 0 23 0 14 5 30 1 88 0 5 31 0 1 76 0 28 0 35 72 0 24 3*0 26 0 5 0 1 26 0 2*1 0 93 2*0 93 30 19 0 76 0 27 88 2*0 4*93 36 29 34
MawC_Maw11C_09 9*0 1 8*0 100 2*0 3*100 1 9*0 5 6*0 100 5*0 100 0 100 2*0 100 0 3*100 0 100 0 100 7*0 100 99 17*0
Aus_AusII_06 4*0 1 0 96 0 12 14 34 0 5 0 1 22 19 2*0 22 4*0 15 5 0 28 15 12 2*100 2*0 15 0 37 96 8 0 5 0 100 12 4*0 13 0 21 6 0 30 3*0 36 0 100 0 1 33 2*0 1 5*0 16 23 3*0 34 5 7*0 34 0
Biz_Biz_24 6*32 12 32 25 23 24 14 30 2*32 28 26 32 0 27 32 0 1 0 23 31 14 26 23 25 2*12 32 14 21 14 22 12 30 32 31 0 12 25 14 32 31 0 24 0 27 29 0 25 3*0 24 0 12 0 32 25 14 2*32 14 32 0 1 32 25 27 14 31 9 24 31 2*9 4*32 18 25 17
Ger_Nar_08 4*0 2 1 3 0 15 17 9 100 6 0 2*1 11 2*0 5 4*0 16 0 100 1 17 15 3*0 100 17 100 8 4 2 4*0 14 100 0 5 0 18 0 6 12 0 6 3*0 2 3*0 1 3 100 0 1 100 4*0 14 4 100 5 0 5 8*0 4 0
Aus_Gri_06 4*0 28 0 1 0 31 27 34 0 11 0 97 56 34 98 0 36 98 3*0 27 2 0 42 28 32 2*1 98 0 24 0 36 1 58 98 1 0 1 32 0 98 14 0 29 0 36 6 0 40 3*0 36 0 1 0 97 38 0 98 97 5*0 31 54 0 14 0 34 1 7*0 33 0
Biz_Biz_21 4*81 59 80 1 81 31 27 23 5 65 81 14 24 33 14 0 35 14 3*0 27 76 5 29 28 31 2*0 14 5 24 5 16 1 34 14 76 2*0 31 5 14 68 0 28 0 34 64 0 25 3*0 26 3*0 14 27 5 2*14 5 81 2*0 81 30 23 5 68 0 27 76 2*0 4*81 31 28 29
MawC_Maw11C_10 9*0 1 8*0 100 2*0 3*100 1 9*0 5 6*0 100 5*0 100 0 100 2*0 100 0 3*100 0 100 0 100 7*0 100 99 17*0
Man_Man_05 4*29 28 29 13 29 23 2*22 18 27 2*29 25 24 29 1 25 29 2*1 0 22 28 18 24 22 23 2*13 29 18 20 18 21 13 27 29 28 1 13 24 18 29 28 1 23 1 24 27 1 23 0 2*1 23 1 13 1 29 23 18 2*29 18 29 0 1 29 23 25 18 28 11 23 28 2*11 4*29 18 23 18
MawC_Maw11C_01 9*0 1 8*0 100 2*0 3*100 1 9*0 5 6*0 100 5*0 100 0 100 2*0 100 0 3*100 0 100 0 100 7*0 100 99 17*0
Aus_Gri_09 4*36 2*35 21 36 26 24 28 6 33 36 35 32 29 36 0 31 36 3*0 24 35 6 31 24 26 2*22 36 6 21 6 26 21 34 36 35 0 22 27 6 36 34 0 24 0 2*31 0 30 3*0 30 0 22 0 35 30 6 36 35 6 36 0 1 36 26 31 6 34 0 29 35 2*0 4*36 14 30 13
Man_Man_28 4*77 54 76 6 77 28 25 22 12 61 77 6 20 31 6 0 32 6 3*0 25 72 12 2*26 29 3*6 12 23 12 15 6 28 6 72 0 6 29 12 6 64 0 27 0 31 61 0 23 3*0 24 0 6 0 6 24 12 2*6 12 77 2*0 77 28 19 12 64 0 25 72 2*0 4*77 30 26 28
MawC_Maw11C_02 9*0 1 8*0 100 2*0 3*100 1 9*0 5 6*0 100 5*0 100 0 100 2*0 100 0 3*100 0 100 0 100 7*0 100 99 17*0
Man_Man_11 4*24 28 24 29 24 25 23 30 6 25 24 40 34 28 40 0 30 40 3*0 23 24 6 32 24 25 2*30 40 6 21 6 2*29 33 40 24 0 30 25 6 40 25 0 23 0 30 23 0 31 3*0 31 0 30 0 40 32 6 2*40 6 24 2*0 24 25 33 6 25 0 30 24 2*0 4*24 9 31 9
MawC_Maw22C_10 9*0 1 8*0 100 2*0 3*100 1 9*0 5 6*0 100 5*0 100 0 100 2*0 100 0 3*100 0 100 0 100 7*0 100 99 17*0
MawC_Maw11C_07 9*0 1 8*0 100 2*0 3*100 1 9*0 5 6*0 100 5*0 100 0 100 2*0 100 0 3*100 0 100 0 100 7*0 100 99 17*0
MawC_Maw22C_03 9*0 1 8*0 100 2*0 3*100 1 9*0 5 6*0 100 5*0 100 0 100 2*0 100 0 3*100 0 100 0 100 7*0 100 99 17*0
Maw_Maw15_27b 4*25 28 25 35 25 24 22 30 2 26 25 36 33 28 36 0 30 36 3*0 22 26 2 33 23 24 3*36 2 20 2 30 35 32 36 26 0 36 24 2 36 26 0 23 0 30 24 0 31 3*0 32 0 36 0 36 32 2 2*36 2 25 2*0 2*25 33 2 25 0 31 26 2*0 4*25 10 31 9
MawC_Maw22C_P11 9*0 1 8*0 100 2*0 3*100 1 9*0 5 6*0 100 5*0 100 0 100 2*0 100 0 3*100 0 100 0 100 7*0 100 99 17*0
Maw_Maw22_08 4*0 1 0 96 0 12 14 34 0 5 0 1 22 19 2*0 22 4*0 15 5 0 28 15 12 2*100 2*0 15 0 37 96 8 0 5 0 100 12 4*0 13 0 21 6 0 30 3*0 36 0 100 0 1 33 2*0 1 5*0 16 23 3*0 34 5 7*0 34 0
MawC_Maw22C_12 9*0 1 8*0 100 2*0 3*100 1 9*0 5 6*0 100 5*0 100 0 100 2*0 100 0 3*100 0 100 0 100 7*0 100 99 17*0
Maw_Maw15_77 4*0 28 0 1 0 31 27 34 1 11 0 96 55 34 97 0 36 97 3*0 27 2 1 42 28 31 2*1 97 1 24 1 36 1 57 97 1 0 1 32 1 97 14 0 29 0 35 6 0 40 3*0 36 0 1 0 96 38 1 97 96 1 4*0 31 54 1 14 0 34 1 7*0 33 0
Biz_Biz_13 4*26 29 26 32 26 25 23 30 3 2*26 38 34 29 38 0 31 38 3*0 23 26 3 33 23 25 2*33 38 3 21 3 30 32 33 38 26 0 33 25 3 38 27 0 23 0 30 24 0 32 3*0 32 0 33 0 38 32 3 2*38 3 26 2*0 2*26 33 3 26 0 31 26 2*0 4*26 10 31 9
Ger_Nar_09 4*0 2 1 3 0 15 17 9 100 6 0 2*1 11 2*0 5 4*0 16 0 100 1 17 15 3*0 100 17 100 8 4 2 4*0 14 100 0 5 0 18 0 6 12 0 6 3*0 2 3*0 1 3 100 0 1 100 4*0 14 4 100 5 0 5 8*0 4 0
Biz_Biz_22 4*0 28 0 1 0 31 27 34 0 11 0 97 56 34 98 0 36 99 3*0 27 2 0 43 28 32 2*1 98 0 24 0 36 1 58 98 1 0 1 32 0 98 14 0 29 0 36 6 0 40 3*0 36 0 1 0 97 38 0 98 97 5*0 31 54 0 14 0 34 1 7*0 34 0
Maw_Maw15_P1 4*0 28 0 1 0 31 27 34 1 11 0 96 55 34 97 0 36 97 3*0 27 2 1 42 28 31 2*1 97 1 24 1 36 1 57 97 1 0 1 32 1 97 14 0 29 0 35 6 0 40 3*0 36 0 1 0 96 38 1 97 96 1 4*0 31 54 1 14 0 34 2 7*0 33 0
Ger_Nar_06 4*0 2 1 3 0 15 17 9 100 6 0 2*1 11 2*0 5 4*0 16 0 100 1 17 15 3*0 100 17 100 8 4 2 4*0 14 100 0 5 0 18 0 6 12 0 6 3*0 2 3*0 1 3 100 0 1 100 4*0 14 4 100 5 0 5 8*0 4 0
Zar_Zar_05 4*100 68 99 0 99 31 27 22 0 77 100 0 21 34 2*0 36 4*0 27 93 0 2*28 32 4*0 24 0 13 0 31 0 93 2*0 32 2*0 81 0 29 0 36 77 0 24 3*0 25 4*0 26 4*0 100 2*0 100 31 18 0 81 0 27 93 2*0 99 3*100 38 28 36
MawC_Maw22C_14 9*0 1 8*0 100 2*0 3*100 1 9*0 5 6*0 100 5*0 100 0 100 2*0 100 0 3*100 0 100 0 100 7*0 100 99 17*0
MawC_Maw22C_15 8*0 3*1 5*0 1 0 99 1 0 3*99 1 3*0 2*1 4*0 5 0 1 4*0 99 0 1 3*0 99 1 99 1 0 99 0 3*99 0 99 0 99 7*0 99 98 0 1 4*0 1 10*0
Zar_Zar_08 4*100 68 99 0 99 31 27 22 0 77 100 0 21 34 2*0 36 4*0 27 93 0 2*28 32 4*0 24 0 13 0 31 0 93 2*0 32 2*0 81 0 29 0 36 77 0 24 3*0 25 4*0 26 4*0 100 2*0 100 31 18 0 81 0 27 93 2*0 99 3*100 38 28 36
Man_Man_44 4*31 30 31 16 31 24 23 24 14 29 2*31 27 26 31 0 27 31 0 1 0 22 30 14 27 23 24 2*16 31 14 21 14 23 16 29 31 30 0 16 25 14 31 30 0 23 0 26 28 0 25 3*0 25 0 16 0 31 26 14 2*31 14 31 0 1 31 24 27 14 30 8 25 30 2*8 4*31 17 25 16
Man_Man_06 4*18 28 18 22 18 26 24 31 4 22 18 54 39 30 54 0 32 55 3*0 24 19 4 35 25 27 2*23 54 4 22 4 31 22 40 54 19 0 23 27 4 54 23 0 25 0 31 19 0 33 3*0 33 0 23 0 54 33 4 2*54 4 18 2*0 18 27 39 4 22 0 31 19 2*0 4*18 7 31 7
Ger_Nar_01 4*0 2 1 3 0 15 17 9 100 6 0 2*1 11 2*0 5 4*0 16 0 100 1 17 15 3*0 100 17 100 8 4 2 4*0 14 100 0 5 0 18 0 6 12 0 6 3*0 2 3*0 1 3 100 0 1 100 4*0 14 4 100 5 0 5 8*0 4 0
Biz_Biz_01 4*81 59 80 1 81 30 27 23 5 65 81 14 24 33 14 0 35 14 3*0 27 76 5 29 28 31 2*0 14 5 24 5 16 1 33 14 76 2*0 31 5 14 68 0 28 0 34 64 0 25 3*0 25 3*0 14 26 5 2*14 5 81 2*0 81 30 22 5 68 0 27 76 2*0 4*81 31 28 29
Wey_Wey_01 8*0 9 14 1 5*0 1 7*0 14 3*0 11 9 4*0 15 0 5 6*0 9 4*0 11 22*0 8 3*0 100 2*0 2*100 4*0 61 0 64
Ger_Ger_02 4*27 28 27 33 27 24 22 29 5 2*27 33 32 28 34 0 30 34 3*0 22 27 5 32 23 24 3*34 5 20 5 29 33 31 34 27 0 34 24 5 34 27 0 23 0 29 25 0 30 3*0 31 0 34 0 34 31 5 2*34 5 27 0 1 27 25 31 5 27 1 30 27 2*1 4*27 11 31 10
Man_Man_04 4*93 64 93 5 93 30 27 23 0 73 93 1 21 34 1 0 35 1 3*0 27 88 0 2*28 31 2*5 1 0 23 0 14 5 31 1 88 0 5 31 0 1 76 0 28 0 35 72 0 24 3*0 26 0 5 0 1 26 0 1 2 0 93 2*0 93 30 19 0 76 0 27 88 2*0 4*93 36 29 34
Wey_Wey_04 8*0 9 14 1 5*0 1 7*0 14 3*0 11 9 4*0 15 0 5 6*0 9 4*0 11 22*0 8 3*0 100 2*0 2*100 4*0 61 0 64
Wey_Wey_05 8*0 9 14 1 5*0 1 7*0 14 3*0 11 9 4*0 15 0 5 6*0 9 4*0 11 22*0 8 3*0 100 2*0 2*100 4*0 61 0 64
Zar_Zar_03 4*99 68 99 0 99 31 27 22 0 77 99 0 20 34 2*0 36 4*0 27 93 0 2*28 32 4*0 24 0 13 0 31 0 93 2*0 32 2*0 81 0 29 0 36 77 0 24 3*0 25 4*0 26 4*0 99 2*0 99 31 18 0 81 0 27 93 2*0 99 100 2*99 38 28 36
Zar_Zar_07 4*100 68 99 0 100 31 27 22 0 77 100 0 21 34 2*0 36 4*0 27 93 0 2*28 32 4*0 24 0 13 0 31 0 93 2*0 32 2*0 81 0 29 0 36 77 0 24 3*0 25 4*0 26 4*0 100 2*0 100 31 18 0 81 0 27 93 2*0 4*100 38 28 36
Zar_Zar_02 2*99 100 99 68 99 0 99 31 27 22 0 77 99 0 20 34 2*0 36 4*0 27 93 0 2*28 32 4*0 24 0 13 0 31 0 93 2*0 32 2*0 81 0 29 0 36 77 0 24 3*0 25 4*0 26 4*0 100 2*0 100 31 18 0 81 0 27 93 2*0 99 100 99 100 38 28 36
Zar_Zar_04 4*100 68 99 0 99 31 27 22 0 77 100 0 21 34 2*0 36 4*0 27 93 0 2*28 32 4*0 24 0 13 0 31 0 93 2*0 32 2*0 81 0 29 0 36 77 0 24 3*0 25 4*0 26 4*0 100 2*0 100 31 18 0 81 0 27 93 2*0 99 3*100 38 28 36
Wey_Wey_03 4*38 26 38 0 38 18 19 9 0 30 38 0 8 14 2*0 14 4*0 19 36 0 11 2*18 4*0 19 0 8 0 12 0 36 2*0 18 2*0 31 0 18 0 14 30 0 9 3*0 10 4*0 10 4*0 38 2*0 38 17 7 0 31 61 11 36 2*61 4*38 52 11 53
Maw_Maw15_75 2*28 29 28 29 28 33 28 24 22 29 4 28 29 33 32 28 34 0 30 34 3*0 22 29 4 32 23 24 3*34 4 21 4 28 32 31 33 29 0 34 25 4 33 28 0 23 0 30 26 0 31 3*0 31 0 34 0 33 31 4 34 33 4 29 0 1 29 25 31 4 28 0 31 29 2*0 28 29 28 29 11 31 11
Wey_Wey_02 4*36 25 36 0 36 17 19 8 0 28 36 0 7 13 2*0 13 4*0 19 34 0 10 2*17 4*0 18 0 8 0 11 0 34 2*0 17 2*0 29 0 18 0 13 28 0 9 3*0 9 4*0 9 4*0 36 2*0 36 16 7 0 29 64 10 34 2*64 4*36 53 11 53
